686.425049 845.436340 489.292114 1106.495728
853.591919 778.885315 1431.481079 753.877258
812.586670 934.000305 1488.648804 852.319946
1314.370239 836.400208 1228.336914 845.116943
710.650940 965.391541 128.328796 1125.607544
812.586670 934.000305 1488.648804 852.319946
302.795258 739.750305 386.947601 731.265747
38.987846 855.202271 335.652222 1117.940796
735.002991 972.850403 264.815918 1118.090820
260.783203 841.474548 1390.966187 521.819824
914.268555 1062.673340 516.668213 1154.790771
117.335808 311.548615 515.125122 533.324768
461.622162 1153.088745 922.273743 1180.482300
464.281921 715.356934 790.504150 1197.207886
396.927887 829.355164 1455.699707 700.349792
1559.642822 1045.631836 1366.877686 761.083191
914.268555 1062.673340 516.668213 1154.790771
493.923645 1008.189819 520.386719 531.318909
859.184875 1090.931885 882.222473 745.775757
639.000977 1129.788574 917.067322 1173.500244
1377.821289 1077.472046 1458.495117 843.811584
848.219849 1118.409912 605.372864 813.262390
1548.896362 1074.131470 633.841248 1057.067261
728.127441 1115.532104 951.420105 761.607849
264.979706 743.122375 1050.940186 713.402527
1106.687866 1011.622253 1488.648804 852.319946
228.161819 260.429962 1322.514160 783.942017
603.738464 1142.387085 595.783630 980.137756
741.784912 1056.259277 1182.982422 544.703064
1075.125977 1115.626343 72.681931 1158.709473
1238.547729 1100.262939 1165.019165 567.251526
340.887634 652.935852 1086.646484 537.959229
1075.125977 1115.626343 72.681931 1158.709473
1194.178223 1134.008545 223.408997 1068.500977
366.745483 366.234192 295.794281 815.658203
906.462830 521.130615 432.511261 536.563416
1422.247681 801.866028 503.566925 827.601624
369.626984 915.714600 1282.071411 543.135132
952.000366 936.914063 20.165359 974.401062
810.967590 845.255859 970.434448 881.997803
109.321594 908.633850 430.209229 552.688110
831.582092 414.287323 1182.982422 544.703064
1071.787476 1096.562256 151.504333 1137.323364
78.087334 314.734070 908.708740 733.400208
1548.932129 1068.336304 1123.496582 828.540588
748.749756 1174.719482 653.465698 1033.163818
467.953613 851.927063 467.403351 1180.291870
366.745483 366.234192 295.794281 815.658203
40.661491 427.393860 264.815918 1118.090820
1336.765625 476.590942 429.434143 507.111084
831.582092 414.287323 1182.982422 544.703064
422.628418 848.099915 251.960831 1057.068237
1580.547729 1159.522583 645.971130 1157.261475
494.876587 773.122437 1500.541382 799.484863
1314.857422 482.282684 406.176727 511.289825
222.661926 718.357605 84.777611 842.657043
722.444458 686.375000 915.896912 734.850159
490.469879 1190.204956 1506.613403 800.888550
1309.623535 510.494415 1349.235474 549.983826
1148.276489 1009.786560 1124.087280 879.243164
1238.547729 1100.262939 1165.019165 567.251526
490.469879 1190.204956 1506.613403 800.888550
1446.874268 958.143127 526.162659 978.099304
1055.030640 878.053467 134.684174 907.867126
807.026184 488.229919 460.460266 523.560059
173.821320 262.674957 1284.056274 536.125122
563.644287 794.237305 250.887253 1047.213989
249.372772 275.875916 557.158569 539.362732
1391.730835 496.273163 481.857635 529.357727
1401.973633 820.605835 1230.401489 744.988403
189.526093 708.837830 85.982033 1051.678223
402.945526 781.064819 1574.527100 807.184814
158.409210 654.937744 1050.940186 713.402527
1106.687866 1011.622253 1488.648804 852.319946
61.213253 596.493469 842.407715 909.019958
153.596313 647.317993 823.227356 706.287598
987.301636 912.222900 513.617065 949.626892
187.797302 698.102966 560.598999 901.754456
585.446655 943.752441 488.400146 752.513855
796.060913 509.727173 392.037842 1114.401245
1450.719116 944.974609 1172.023804 744.820251
133.584717 917.266357 503.700714 1114.074463
219.213760 726.324402 484.804596 1183.763794
896.910522 700.200745 494.289551 730.322876
48.027092 589.850586 842.407715 909.019958
349.669586 955.512695 952.683411 813.111938
48.027092 589.850586 842.407715 909.019958
187.135529 709.419312 1574.527100 807.184814
648.953003 748.844910 479.134430 760.549500
695.706055 960.866272 921.252686 714.529114
1370.562622 1188.795166 1538.337646 844.068115
254.645844 377.386078 62.746979 1046.521240
807.928833 518.191772 1014.554810 811.815857
218.052277 418.426147 545.367676 533.518555
1587.005249 791.083130 1509.633789 803.422058
760.658203 502.338348 633.841248 1057.067261
1329.088501 481.828613 420.421570 512.061401
118.687103 1186.607422 746.999817 818.658997
458.822937 852.325317 915.896912 734.850159
288.526306 722.208862 1574.527100 807.184814
556.459534 1023.141663 882.945557 732.842041
853.344116 981.435852 1175.347290 854.747498
1076.931152 1124.977173 74.093330 1169.054443
164.211731 436.327606 1349.235474 549.983826
312.260498 727.400757 1468.296509 762.291199
351.257843 959.691467 669.023560 740.902222
262.200012 369.849030 84.642738 854.790466
61.213253 596.493469 842.407715 909.019958
195.997803 882.047546 251.460648 1069.063477
940.979980 771.201660 9.898503 797.859192
1201.299805 979.267761 286.897888 1007.955322
1458.598633 494.822784 545.403809 532.029114
1008.698303 1029.644897 82.364738 1070.745850
1567.939209 1039.922974 1519.504761 754.981567
307.012299 951.285767 1437.081787 733.046387
94.716698 1120.282104 1355.550293 818.678955
205.490189 315.424286 1253.856934 1190.957520
1539.421997 782.030945 683.869873 796.048035
205.490189 315.424286 1253.856934 1190.957520
218.052277 418.426147 545.367676 533.518555
909.610107 1101.562256 502.415497 969.842651
233.896515 1079.125732 173.710815 1002.618469
868.575745 938.481567 642.424805 1076.783081
1121.350830 1194.801514 259.480682 1054.876343
65.068466 702.167664 1479.555786 744.776489
881.307617 428.777283 595.783630 980.137756
829.018616 915.513916 247.915771 860.765564
1405.653320 832.770264 487.092407 857.789795
28.131935 869.981689 1119.643066 534.293030
881.307617 428.777283 595.783630 980.137756
74.472534 1120.800903 1354.879395 527.274231
1430.608032 799.978455 511.346527 825.770630
389.024902 463.403290 1521.781250 749.812256
1561.480347 797.890137 632.779053 822.975708
520.888733 862.521179 1299.294189 860.540100
569.158569 791.088379 650.886169 1051.366333
389.024902 463.403290 1521.781250 749.812256
1453.814819 986.311218 1245.005859 740.980042
948.246277 826.309753 1119.643066 534.293030
311.958923 1153.090698 795.083618 1143.172485
1425.219360 866.822571 506.841309 890.745789
1369.189087 1137.444092 455.040771 1155.706421
1491.760986 866.176636 1153.328003 875.560913
104.633553 465.735565 1549.934570 786.051453
1178.352417 807.172485 697.228699 747.352661
1284.893188 492.548157 378.402252 521.481079
1575.435303 797.624878 645.341858 822.712280
536.198303 1122.029419 440.475586 853.589050
368.811249 364.527679 146.554733 1139.940796
762.905579 681.497192 44.107536 850.185425
474.583862 923.532959 1242.678101 724.761719
1207.639282 977.409363 293.048309 1005.729370
520.888733 862.521179 1299.294189 860.540100
1119.967651 558.445129 922.214905 813.484680
1372.224365 1081.640259 456.935242 1100.874756
205.618607 1070.963257 1205.741943 1190.130737
120.186348 475.099335 1234.081665 748.991333
569.158569 791.088379 650.886169 1051.366333
1406.565918 1089.592896 489.292114 1106.495728
1373.422363 1195.570923 1501.125977 771.871704
1405.793579 500.783325 493.871552 534.671509
868.575745 938.481567 642.424805 1076.783081
1534.268188 802.746948 387.776306 553.418823
85.321854 1176.423218 750.341248 1196.224243
1328.847656 1087.783203 415.312805 1110.045410
1158.220825 1051.333130 242.910324 1083.710815
536.198303 1122.029419 440.475586 853.589050
1415.659058 829.572144 494.953674 852.617432
279.370361 841.414978 1455.699707 700.349792
1558.127930 968.795654 630.111023 984.782959
32.579811 913.652527 285.087860 1012.943726
1388.747314 803.948059 471.202698 829.917725
1139.460327 1035.396729 223.408997 1068.500977
1342.329956 855.548645 426.285828 880.797668
220.614532 799.946594 81.378014 517.273376
1073.614258 968.966675 1205.741943 1190.130737
52.911209 58.775860 972.383972 1163.793213
114.036217 311.384338 1002.452148 1154.998169
1453.814819 986.311218 1245.005859 740.980042
1363.957764 1023.702332 307.979950 1124.611816
631.744751 1190.792847 1565.006958 845.469849
1036.843628 1037.806396 113.358269 1078.226440
1505.542114 646.618835 572.584961 679.469604
461.576141 745.385925 685.696228 597.387512
502.557159 865.948547 1398.431763 856.833923
317.219421 379.824188 680.003113 1189.031250
1493.267456 856.046326 1154.778687 866.532166
333.202454 365.868256 178.416046 883.121460
1149.983643 1004.390686 234.435181 1035.897461
1468.997925 1181.525513 547.431946 1189.222534
823.586792 1135.449219 77.124954 526.758179
1409.586304 645.923096 1292.478149 708.097351
933.005615 495.302643 1400.779419 528.822815
599.483948 1191.397827 405.476837 1112.985596
1090.617554 936.547668 188.619141 751.125793
1035.535889 1078.833496 111.739967 1122.047852
1141.027710 1038.954224 225.292419 1072.046631
1342.078003 1084.797363 43.332382 938.160095
823.586792 1135.449219 77.124954 526.758179
668.047119 874.683044 27.675453 1060.819092
659.759460 1035.051025 1051.837524 648.196838
837.034302 931.324219 886.399170 573.483337
889.410217 1059.811401 1574.527100 807.184814
989.616089 523.628113 656.813416 601.814087
608.134094 1158.619629 564.961548 576.075989
832.268921 892.559326 192.492065 1173.706665
1402.779663 853.344482 484.493073 878.551270
1522.983032 653.138855 560.456299 889.537964
162.720490 1135.107910 880.267456 617.505493
1008.167786 1063.022217 81.067566 1107.506348
1050.259888 1128.655884 41.490395 1176.488770
909.272156 1125.575439 326.975464 997.064209
783.819458 1089.010010 989.017334 708.076538
1288.643555 1086.153687 1017.671021 756.274902
438.355469 1187.767334 30.289055 1133.018799
1091.631470 943.378967 173.219696 974.795532
1341.018555 481.356689 433.114166 512.598145
377.946106 725.990967 79.059883 750.481262
1368.157959 712.397095 452.098480 740.020752
933.005615 495.302643 1400.779419 528.822815
35.773048 818.248413 941.200562 884.953308
1330.087646 1095.484131 1480.464355 588.389465
860.702393 1153.850220 943.294495 809.385315
538.482483 886.390869 245.716736 958.969788
792.350159 528.072266 1326.213379 537.381836
609.860596 876.580383 1480.067383 781.110596
1330.087646 1095.484131 1480.464355 588.389465
1498.045776 850.489075 574.901855 873.213318
1314.744995 1092.951538 401.402802 1115.909790
991.524963 513.971741 77.124954 526.758179
1309.385010 934.825500 113.366203 1184.127930
452.285095 734.193176 1032.321289 747.124817
609.860596 876.580383 1480.067383 781.110596
825.141968 1022.028320 11.015656 1181.066162
463.329193 1113.046021 484.804596 1183.763794
1405.940430 724.757080 488.400146 752.513855
525.850098 961.623291 607.975037 743.717834
1335.678467 1098.715332 422.010132 1120.434937
1562.876465 988.085693 632.724731 1001.280579
970.258118 1015.041321 36.769638 1061.873901
704.956848 911.084290 755.728821 798.876465
1348.903442 1083.376343 435.658173 1104.093506
118.882713 1139.706543 472.211853 1048.958740
997.898010 519.803162 1107.808105 818.588623
986.746643 1037.162476 56.719921 1080.815063
1488.068726 950.520447 564.724854 969.636597
1183.070068 1001.132568 422.978790 933.916260
1309.934204 927.317505 265.671417 879.539001
1123.392212 1181.774780 176.965698 774.885803
1143.814331 537.742188 233.893616 558.472534
588.596680 1171.397339 264.916443 823.317993
1153.091919 536.086060 242.745148 557.239136
1418.665527 497.329529 9.276077 1113.536499
1193.628296 973.808960 279.004028 1002.090088
1489.797729 809.130493 1107.808105 818.588623
719.029602 941.514404 208.951874 1053.265137
592.408447 711.970276 420.036499 839.103577
1419.803833 992.223755 319.602783 1132.496094
301.158478 398.282257 907.489136 597.496155
991.524963 513.971741 77.124954 526.758179
479.067352 1031.108398 350.608093 911.116577
1098.646362 1158.614502 196.664017 775.937561
1427.786865 928.549988 508.149353 950.642639
1394.455933 818.003113 477.682678 842.871826
191.773499 801.997070 34.953819 941.068359
1340.385254 523.094788 430.209229 552.688110
1292.203857 1073.351807 379.128448 1097.982910
368.653534 745.801331 395.337708 569.335022
597.484741 1056.599976 73.737930 725.585449
1293.029541 1001.123291 351.131653 890.846741
377.990265 706.258301 597.928711 1183.205566
1508.495117 1058.199707 583.364868 1070.224976
175.786804 1146.031372 1177.445679 744.290039
1088.076782 1064.520264 169.466217 1103.249268
1363.747559 1076.507080 449.319611 1096.805664
712.960388 871.145142 430.011627 1149.383423
308.804413 433.795868 484.189514 547.933777
412.689270 1190.083374 339.339996 819.820496
1483.237793 855.851685 561.012268 878.901550
891.189941 1128.561279 644.951843 1131.450317
184.652252 664.833557 85.982033 1051.678223
704.991882 761.461853 1249.854370 741.932861
1207.607544 1096.723267 326.975464 997.064209
1098.057983 1155.127197 543.319946 1014.640076
1178.522949 773.430603 263.890533 798.988525
110.344193 487.933258 593.416138 635.396973
1562.979248 779.201355 709.934387 797.553894
1417.874023 1097.419678 472.211853 1048.958740
1207.715698 1011.124756 244.335724 1077.352173
1293.029541 1001.123291 351.131653 890.846741
1572.366455 1174.798584 638.934692 1172.793945
597.214355 1135.735718 565.536316 535.162231
857.408752 1077.311890 898.660950 898.064209
1243.239014 931.778809 328.415436 958.777832
513.660767 1023.995056 348.033630 919.899780
941.460510 1038.894409 581.827209 1131.446777
864.577454 994.170410 1556.320313 743.776611
1180.833374 516.240906 272.108368 538.917603
1206.084229 1082.622681 295.486542 1112.598999
1292.250977 490.327667 383.756653 518.512207
521.392212 1030.177002 363.574707 1005.751221
1169.297241 529.468201 260.703003 551.924377
412.689270 1190.083374 339.339996 819.820496
1028.457520 728.995117 464.851837 955.373108
1181.204956 920.147583 265.872101 948.441833
1126.606934 1150.122070 123.312943 1190.141846
548.829163 684.336975 286.636383 1173.500610
974.846313 794.759399 47.896267 821.864990
1112.241699 1017.885803 194.721420 1051.741821
1278.384033 1173.832764 860.405457 586.420410
267.450653 293.606049 672.436707 754.741638
769.683960 1101.099731 364.337799 914.956726
1349.175049 796.267883 433.164978 822.309204
191.773499 801.997070 34.953819 941.068359
857.551575 899.600098 1430.162354 820.053589
980.958008 1033.871216 51.125534 1078.196655
814.150635 986.177490 1388.712769 741.181824
979.305725 903.428650 51.236324 937.068787
1083.215820 1163.525146 447.030762 953.113708
679.989380 666.869141 661.879150 1179.477783
1071.637573 1138.312134 63.602432 1183.808472
1378.878906 989.770447 461.946991 1011.483643
1419.394043 859.411133 557.377502 895.929932
702.994141 1176.049927 279.216187 949.522705
78.671356 900.731934 1021.462708 809.540344
1473.041748 809.843689 551.224976 835.200195
267.450653 293.606049 672.436707 754.741638
1289.883057 1081.191772 376.911469 1105.916016
412.689270 1190.083374 339.339996 819.820496
558.838135 1159.929565 1248.706055 595.808655
151.638901 776.640076 473.640869 966.814819
1402.892212 804.377686 484.022827 830.809021
697.286621 812.320618 220.993195 1162.877686
106.164566 642.207581 507.340057 540.426453
1486.820068 966.287598 563.951660 984.888062
970.771667 922.180420 112.970558 950.177979
444.182068 392.640869 434.005951 552.839905
501.116821 657.516357 1058.557861 752.924683
499.639893 1152.799438 278.699982 1009.086914
1183.713989 670.906738 730.430969 722.990417
1198.979614 983.883423 217.613312 1027.375000
547.134460 754.770447 409.848541 800.608765
970.771667 922.180420 112.970558 950.177979
1568.276855 1038.351563 636.982788 1048.252686
705.196716 1027.800903 420.036499 839.103577
1110.838257 730.678772 194.763840 754.289978
1450.122437 988.300049 529.813538 1007.340149
815.155945 975.561035 540.049927 822.115967
1098.057983 1155.127197 543.319946 1014.640076
308.804413 433.795868 484.189514 547.933777
1055.386108 1084.699219 134.128433 1126.550781
1038.634033 1126.534180 559.559326 1056.626221
1147.774780 1064.984375 232.516968 1098.643799
1193.287354 513.934021 284.804993 537.036987
58.585583 773.934387 248.894104 773.136902
726.527466 902.849731 1421.745605 783.786011
1385.445679 1130.065186 447.884399 1152.237671
1580.879272 661.301086 1064.632446 753.086243
1314.642578 1080.612793 401.587646 1103.965210
120.096115 630.100891 559.559326 1056.626221
1399.257446 990.228210 481.651917 1011.225037
184.020309 1099.856201 83.530006 1160.561523
57.956547 726.404236 294.874054 788.496948
1190.204468 969.708191 274.940125 997.661316
1385.592896 1195.211426 295.486542 1112.598999
235.557846 397.924408 269.857697 858.981995
916.781494 560.770264 1567.331787 786.968384
1467.416992 499.574615 1400.779419 528.822815
993.524414 833.091125 278.699982 1009.086914
946.289612 1048.511475 10.430896 1097.407715
614.420532 751.282104 931.446228 565.863403
1216.765747 1157.856689 305.969513 1189.992798
803.429199 941.862427 824.802368 812.722656
391.804810 1122.999390 670.127625 1081.021729
1436.828613 815.545288 517.323914 840.772705
325.403168 460.430481 496.850647 1053.087280
184.020309 1099.856201 83.530006 1160.561523
1431.874268 894.446289 511.452026 916.812012
1429.956421 891.166931 260.916504 770.347778
739.027588 950.143738 447.030762 953.113708
1430.817871 923.948730 511.379730 945.837952
467.720428 1021.849243 491.635956 826.978149
755.218262 1083.561035 1107.808105 818.588623
1480.340088 813.249207 558.447449 838.240601
202.927902 736.895752 348.573181 1002.664612
412.645294 412.196045 625.909729 1023.214905
1387.547607 1132.217529 472.385101 1149.316406
1002.820007 1009.013062 76.240112 1049.218384
1421.220215 948.635254 502.415497 969.842651
1542.574341 969.339478 614.324463 984.934753
283.564056 305.146942 1023.737061 538.219177
1337.808472 452.218201 998.362915 541.358093
467.877869 1041.473877 545.367676 533.518555
1385.592896 1195.211426 295.486542 1112.598999
1429.956421 891.166931 260.916504 770.347778
699.516235 781.130615 473.640869 966.814819
1316.913696 868.279358 401.375580 893.889709
943.050598 959.738525 9.188558 1000.116638
705.196716 1027.800903 420.036499 839.103577
1385.651367 494.971222 146.554733 1139.940796
471.412354 860.659302 1419.820679 856.125122
58.585583 773.934387 248.894104 773.136902
817.399719 1157.031982 463.646729 1065.420288
1024.712158 874.348877 101.249046 904.780640
942.144287 807.786987 11.046552 836.210938
1063.427734 817.710632 143.919601 844.651245
436.745483 828.135376 572.584961 679.469604
549.102478 1190.952881 1023.737061 538.219177
1326.979858 927.294128 411.614288 951.570862
1079.763672 1092.319824 159.725174 1132.553955
1315.567139 708.968872 400.849518 736.051575
1380.518677 825.293152 463.024811 850.831848
1326.979858 927.294128 411.614288 951.570862
974.243408 1170.267578 791.733093 1192.400635
1401.024048 1138.974243 485.205139 1155.108154
1364.444580 728.585571 448.452911 755.923462
81.534531 291.076263 48.292278 556.335327
950.381592 1024.397827 15.195697 1070.337646
972.064697 503.942657 55.993084 515.139160
1169.140747 961.785767 253.700226 991.231934
1444.526733 715.378357 525.822266 744.283508
40.933121 756.747803 319.230316 900.218933
1423.418701 897.618835 504.165283 920.640076
1371.706665 835.299255 454.664825 860.328003
1377.620117 1084.906006 462.073853 1104.132202
1403.340332 818.377869 484.298065 843.249512
1085.697388 703.357910 169.778107 726.842407
979.750977 500.746002 63.931614 511.737183
1038.399536 1070.738892 115.312866 1112.772095
1238.543457 849.740479 323.518036 876.567444
1295.988403 979.499268 381.425079 1004.424194
884.089539 1051.826294 525.822266 744.283508
1548.822388 658.088684 500.705597 533.291626
40.933121 756.747803 319.230316 900.218933
1151.508423 546.444946 241.507004 567.953430
1330.088623 993.301758 447.030762 953.113708
1035.114746 917.818237 112.970558 950.177979
146.763611 772.890076 140.942673 833.755554
1195.211914 1003.032349 280.674713 1032.030640
1136.697021 1082.741699 222.125763 1117.293579
467.877869 1041.473877 545.367676 533.518555
1185.403687 790.998718 270.413696 817.275696
1330.282227 565.119446 418.511139 593.958435
1081.941895 1120.534668 79.837944 1163.449097
974.243408 1170.267578 791.733093 1192.400635
1255.113525 919.021729 340.483124 945.348816
1015.426453 1095.292969 83.530006 1160.561523
1405.572266 797.356445 487.525757 823.165771
474.470398 1007.225403 785.138916 1179.108887
699.134766 948.905884 631.007996 1100.590942
714.173767 890.611450 429.629639 994.076050
729.747864 680.201416 558.192871 856.671631
1330.088623 993.301758 447.030762 953.113708
907.521484 1104.703247 283.365417 791.170471
947.989380 931.915588 15.071277 969.671143
817.399719 1157.031982 463.646729 1065.420288
1219.664673 564.173523 339.339996 819.820496
493.276123 1028.193359 283.365417 791.170471
948.408813 959.828796 15.305901 999.760620
1195.577148 1010.481934 280.832001 1040.203369
490.690613 849.723328 1221.326416 817.930115
1295.988403 979.499268 381.425079 1004.424194
120.096115 630.100891 559.559326 1056.626221
1243.923828 844.249390 328.992126 870.372498
1371.706665 835.299255 454.664825 860.328003
1272.289307 721.147705 358.183289 747.701050
1209.341797 722.538330 295.307251 747.656799
1035.114746 917.818237 112.970558 950.177979
1139.440308 999.261414 666.268494 830.490601
1110.618286 1135.613525 108.718254 1176.668091
435.395142 745.574280 1157.774292 810.606323
299.117371 835.779175 220.993195 1162.877686
1163.649292 1040.847900 248.610153 1072.549683
781.318848 1032.473633 149.362900 1033.219360
1081.444580 1136.692383 75.631813 1180.820313
1070.060059 1022.774414 149.464355 1059.652222
1370.699585 491.752594 460.460266 523.560059
552.838562 1045.623901 463.646729 1065.420288
1370.455933 725.328369 543.724670 755.369751
490.690613 849.723328 1221.326416 817.930115
1191.325562 820.409424 276.046570 846.648315
1272.096680 891.723328 356.873779 917.675842
980.290955 976.561707 50.847656 1015.702271
1560.551025 1079.016724 629.420349 1086.441650
947.404541 834.887878 16.400837 865.345825
1116.041382 1143.124146 113.366203 1184.127930
962.561829 870.283020 33.026531 902.228027
378.229309 1147.105713 215.603073 749.158508
420.953827 1026.269409 73.737930 725.585449
1305.065796 480.904694 286.636383 1173.500610
1074.793335 957.924316 155.113327 990.966919
1148.896362 757.403259 233.588364 782.827148
919.263611 736.371460 1478.467041 833.962952
1189.024048 717.653809 275.292969 742.713074
1254.557739 903.006958 339.668762 929.280640
1008.717590 1194.404053 941.200562 884.953308
1422.657349 714.970947 504.332489 743.311584
1008.717590 1194.404053 941.200562 884.953308
1056.971436 699.356506 138.705246 722.176758
1379.891479 973.211121 462.616638 995.211731
965.154724 906.329163 34.953819 941.068359
1381.130615 1163.444580 467.403351 1180.291870
731.536621 1102.634521 16.801914 1134.783691
1080.327515 1125.992310 77.391953 1169.770264
1239.371094 919.087036 324.294739 945.900635
784.964355 1169.056885 1179.922119 770.858215
480.163666 714.862000 1453.397583 845.534668
676.382935 766.038086 459.025116 1197.572632
229.938995 413.930145 286.636383 1173.500610
1024.433716 1130.437744 11.015656 1181.066162
1258.201660 791.054199 343.329651 816.851379
1357.657227 843.528687 441.033661 868.535767
1473.960327 803.062012 552.590698 828.637695
1213.551636 844.564575 298.347137 870.942932
1355.758057 1090.690063 441.495239 1111.192139
1137.809326 1106.449951 222.113647 1142.598511
1531.598389 787.259949 605.372864 813.262390
1531.598389 787.259949 605.372864 813.262390
1364.806396 791.964294 448.155762 818.153931
1549.286499 799.880432 621.431091 824.978027
420.953827 1026.269409 73.737930 725.585449
919.263611 736.371460 1478.467041 833.962952
679.530334 1014.142212 176.965698 774.885803
1252.362305 1041.224121 459.025116 1197.572632
1409.222168 816.873901 661.879150 1179.477783
1431.713135 1042.249023 512.251465 1059.867188
1200.263306 971.455444 285.515106 999.803223
1495.171753 812.987732 571.601807 838.049988
1326.990356 1173.541260 413.950226 1194.725342
784.964355 1169.056885 1179.922119 770.858215
1136.469727 1125.773071 220.993195 1162.877686
1018.209839 869.110352 94.163872 899.458374
731.536621 1102.634521 16.801914 1134.783691
1441.467285 925.988892 521.728027 947.833008
1350.182251 482.868042 442.278137 513.715027
1271.854248 926.332336 357.611481 952.248108
1476.468750 867.078552 555.955200 890.019592
676.382935 766.038086 459.025116 1197.572632
1265.821289 864.702271 351.131653 890.846741
1422.529785 1094.170044 504.449341 1110.512695
1317.112061 825.559326 401.237793 851.667358
1181.256104 724.965881 267.225922 750.197388
1446.035034 942.223938 461.225311 1049.843140
1369.237915 507.586029 458.595612 538.953369
1252.362305 1041.224121 459.025116 1197.572632
874.458984 820.969910 459.025116 1197.572632
833.473145 780.479309 283.365417 791.170471
676.133972 768.498657 459.025116 1197.572632
1018.811768 1047.874756 92.402969 1089.578247
1456.359985 959.725159 1230.401489 744.988403
1571.456299 1107.152222 639.062805 1111.107666
995.240112 999.557129 67.684013 1039.762085
942.748169 813.043396 11.673326 841.918396
477.464996 1162.967407 87.675171 968.359375
1010.935852 1081.994751 300.106018 977.449768
1087.111084 866.041260 168.333206 894.574951
1212.350830 1090.245605 299.478699 1120.129272
1195.815063 673.931885 282.510498 698.690613
1333.570190 713.777222 418.709595 741.213257
1475.665527 818.132935 553.822266 843.072510
1542.375122 1188.667114 613.089966 1188.268799
1046.650635 1124.608765 38.660534 1172.032471
961.961182 985.669678 29.994110 1027.015259
1156.911011 1077.101929 242.077484 1110.616577
1018.131409 1044.920898 92.753601 1086.663086
1193.214111 878.368042 277.032806 902.513123
1288.223145 738.254761 373.698364 764.725769
1459.977783 816.192566 539.053101 841.244934
1103.918335 847.481689 186.643616 875.025452
1137.362915 804.674561 220.977737 830.946960
1403.747314 844.623901 485.411560 869.301636
1094.048218 776.628052 177.113327 802.092529
1464.564697 979.131775 543.717163 997.808289
1239.416870 1032.116455 325.443695 1059.355835
1302.431396 488.427216 392.859863 517.420959
1239.364746 1118.247437 670.127625 1081.021729
533.102722 806.091614 1434.739990 557.038452
1178.956909 933.591797 263.601776 962.436218
1039.190063 790.148010 118.454674 816.325378
1341.490234 506.283569 432.511261 536.563416
1179.213867 750.823975 264.131561 776.671570
995.641907 504.246429 81.378014 517.273376
1150.947388 871.560242 979.465088 1181.147827
1259.104370 871.743164 344.262787 897.644775
1054.770752 909.609497 63.556240 948.239380
949.588623 752.544617 1478.467041 833.962952
874.458984 820.969910 459.025116 1197.572632
676.133972 768.498657 459.025116 1197.572632
1123.110229 1022.255554 206.192169 1055.230347
1039.025146 1120.749512 30.824625 1168.768921
1427.614746 1109.836670 509.412872 1125.061768
1239.416870 1032.116455 325.443695 1059.355835
1199.027344 790.870911 283.779480 816.723877
984.836487 729.312561 60.587292 752.633850
1346.913330 789.929810 430.919983 815.943298
1308.591553 891.173157 393.183533 916.659485
981.338074 1187.651123 63.287392 1008.476501
1186.358643 1135.437622 272.993256 1168.356689
1049.388062 752.315491 129.974228 777.380249
1365.743286 798.137085 449.347992 824.108459
965.808044 497.458435 49.002434 507.522980
1252.236450 898.157043 337.312347 924.369507
1067.234619 1134.678345 59.732704 1180.524414
1451.199463 499.395050 537.456055 535.456543
1385.120117 782.632507 469.270599 808.974304
953.365234 808.814880 23.355305 837.248108
1373.672974 1146.511597 459.366364 1164.320801
1094.048218 776.628052 177.113327 802.092529
1044.128174 962.147400 121.864365 996.196106
1405.533081 988.164307 488.257935 1008.992981
1039.190063 790.148010 118.454674 816.325378
1485.992188 812.112244 563.767212 836.892090
1033.847778 961.389465 132.944077 994.017090
1339.905640 1110.726074 425.877686 1131.710693
330.181702 805.260254 48.292278 556.335327
1339.905640 1110.726074 425.877686 1131.710693
1373.672974 1146.511597 459.366364 1164.320801
1253.832520 717.151917 339.883911 743.225769
1032.151489 1116.345093 24.036797 1164.128662
1531.389526 795.494141 605.660095 821.081726
1215.663330 1015.839844 301.895874 1044.386475
1457.268799 970.396606 536.268555 989.392029
1043.554321 1083.795288 120.483131 1126.635376
1305.414551 541.026367 395.337708 569.335022
1355.413818 1135.319580 441.135529 1154.719849
1384.729004 800.353088 774.505127 814.446899
1500.524292 1086.961914 575.956848 1097.837891
1317.467041 805.922058 401.877167 831.937195
533.102722 806.091614 1434.739990 557.038452
1083.627441 861.757324 164.560013 890.518311
1239.912720 969.241455 326.975464 997.064209
1370.787842 1089.682739 456.294373 1109.264160
991.201355 914.166931 111.143700 943.564026
1284.528320 767.963806 369.790710 794.191345
1368.596680 997.613770 453.198639 1019.633179
1140.140259 726.753601 225.521286 751.341980
144.731918 286.044464 461.225311 1049.843140
1198.404297 765.834900 283.365417 791.170471
1178.728516 803.691345 263.649475 829.541687
1122.670288 575.304749 210.608780 596.570618
396.734924 1018.173035 254.754364 699.975342
1421.668457 909.946838 501.927734 932.745972
974.434082 502.124329 58.838318 513.010803
396.734924 1018.173035 254.754364 699.975342
1389.657227 547.542969 477.072906 578.150146
666.658813 1114.528076 1567.331787 786.968384
1326.927612 800.165710 411.485779 826.346924
1353.531982 1083.280884 435.658173 1104.093506
762.555237 546.243591 1567.331787 786.968384
1308.358276 1105.363281 395.464417 1128.924438
1379.329224 1045.202271 463.646729 1065.420288
1012.767761 912.930786 111.143700 943.564026
1119.086670 1103.293701 201.959671 1141.264282
1498.348755 864.077515 575.206665 887.432556
1165.100586 1072.454590 250.301453 1105.467651
1464.950684 972.528870 543.613037 991.468994
666.658813 1114.528076 1567.331787 786.968384
1007.835999 867.678040 83.038589 898.357544
998.696716 1049.646118 70.562691 1093.974487
1515.541992 792.865540 591.404724 818.414001
1054.564575 1014.000122 132.798859 1051.109009
1174.359985 1024.167725 259.480682 1054.876343
960.069092 838.698914 30.982367 868.811096
1228.073486 983.868713 313.563782 1011.181580
1090.003296 711.670959 173.533371 735.288208
1436.006226 939.744263 516.526245 961.017822
1451.450317 994.287903 531.479187 1012.761902
1350.016968 1090.966675 435.731354 1111.847534
1429.356201 995.047302 510.308777 1014.428711
1002.490173 874.313416 77.183769 905.500671
1202.383789 886.851135 286.761353 913.928223
1119.086670 1103.293701 201.959671 1141.264282
1323.749390 924.712524 408.100433 949.227234
1176.619507 674.822205 262.480560 699.414734
1413.252808 890.795715 493.895996 915.406189
1342.611206 1174.066162 429.665192 1193.798828
1328.353760 844.713013 412.410400 870.413696
1045.892700 1079.656494 123.336052 1121.771729
1054.352783 959.833679 132.944077 994.017090
1270.156616 1089.099487 357.345490 1115.185303
1494.143555 945.694153 570.124634 964.849976
1064.942383 959.341431 143.978348 994.500366
1374.687134 1018.823486 458.842987 1040.054810
1240.734375 1095.934814 328.114441 1124.030762
1291.312744 887.412598 375.807648 912.693726
1275.013062 1088.002197 361.859955 1113.755737
1143.239990 1068.187744 227.813370 1102.089844
1120.596680 1137.073486 119.658195 1176.932739
1433.265137 1066.196899 514.426697 1082.744507
1075.432983 929.213867 155.582977 960.793274
1031.882080 1026.498779 107.924126 1066.123535
1442.577393 799.674377 522.471497 825.496521
966.627075 826.039429 38.380039 854.989929
1164.709351 889.817932 248.445358 917.906067
1379.689453 1141.090088 465.399963 1159.181519
1176.577026 1012.187256 262.267975 1042.430054
1165.843872 726.171631 251.222763 750.999939
1192.118774 976.941406 277.010132 1005.843689
1152.807007 793.144653 237.136780 819.433105
1358.259888 1127.427979 444.072235 1146.934814
1412.631104 854.099243 493.830292 878.477966
1367.125854 815.944824 450.268005 841.014343
1540.452393 1053.446411 612.304565 1063.908081
1306.259521 881.101868 390.953247 906.387573
1150.890137 800.399109 235.061478 826.460266
1133.123535 1099.026489 216.849792 1135.148315
1560.562256 1050.088623 628.950989 1059.369385
1214.117432 997.544189 299.787476 1025.763428
1115.556519 1007.482666 198.177658 1040.697144
1158.346191 1041.878662 243.336472 1074.013794
1416.762939 797.851013 497.581604 824.120728
1154.777710 1055.938599 239.783417 1089.040039
1393.645630 1084.973877 477.148529 1103.088867
1497.171875 965.159058 573.085876 983.591675
1424.222412 1000.150146 505.449280 1019.535828
1176.577026 1012.187256 262.267975 1042.430054
1232.132446 1103.062134 319.602783 1132.496094
1377.372070 979.219788 460.390442 1001.222534
1407.976440 1061.730469 492.969635 1079.494751
1182.067993 852.865234 265.671417 879.539001
969.450073 949.914490 38.724792 987.987183
1424.222412 1000.150146 505.449280 1019.535828
1330.731689 794.870728 415.057556 820.947876
1379.689453 1141.090088 465.399963 1159.181519
1436.228271 1147.223267 517.663269 1160.213013
1441.504395 852.760620 520.917053 877.012451
1195.598511 814.450134 280.279724 840.706238
1358.309448 1139.025146 444.126404 1158.221802
1395.190674 1004.255859 479.232605 1025.714966
988.531555 868.492737 62.251617 899.727295
1097.279297 854.734985 178.416046 883.121460
1431.270508 965.031189 511.586090 985.907043
1460.868164 811.673706 540.626587 837.161926
1370.431519 792.525513 453.491486 818.590637
1205.466675 562.566406 295.266785 586.351624
1412.662964 982.725830 494.545654 1003.372559
1023.084229 962.036987 98.975380 999.059998
1012.372253 966.325928 87.186996 1003.393860
953.022583 840.935364 22.808224 871.160095
1313.321655 1121.542236 400.602631 1144.029419
1450.859863 963.607788 530.106995 983.340942
1358.309448 1139.025146 444.126404 1158.221802
1143.582764 1027.721558 227.800354 1060.039795
1161.221558 787.613708 245.601166 813.570007
1161.221558 787.613708 245.601166 813.570007
1219.344849 817.806641 304.272308 844.427185
1208.692749 1007.890015 294.391357 1036.715210
1420.357910 505.852203 507.340057 540.426453
1161.221558 787.613708 245.601166 813.570007
1140.078613 791.125061 224.186447 816.998657
1420.316162 1118.179321 502.243378 1132.854858
1368.093628 521.052429 457.233459 552.174683
1219.344849 817.806641 304.272308 844.427185
1267.399414 1094.411133 354.710205 1120.590454
1342.280518 796.230164 426.349640 822.400635
1305.691772 854.616577 391.042480 880.364014
1248.037964 1091.033203 335.652222 1117.940796
1397.854980 858.940613 479.061523 884.019958
1387.340698 819.159241 469.942322 844.714661
1172.653687 796.736572 257.336426 822.987976
980.031128 942.395996 51.302971 978.841858
1023.084229 962.036987 98.975380 999.059998
1143.144653 1041.946289 226.760391 1075.284180
1138.800293 1067.048218 223.109924 1101.297363
1143.144653 1041.946289 226.760391 1075.284180
1085.373169 957.999329 166.185654 990.271362
1247.261841 926.751648 332.387726 953.226379
1163.780273 1050.786987 248.942230 1082.877197
1247.889038 912.274658 333.213470 938.773193
1230.026855 554.771240 320.505188 580.246948
1068.368164 882.789001 148.298996 912.634521
1348.145508 1120.668091 434.097839 1140.964966
1458.511230 953.066895 537.651611 973.016663
1259.290039 934.602051 344.680267 961.135193
993.132141 1013.071289 64.555405 1054.367188
1221.132202 864.928284 306.346130 891.759460
1468.375854 965.940002 547.129700 985.071716
1338.235718 535.524963 427.838135 564.245422
1518.156616 1087.219238 592.855774 1097.255249
1012.625549 933.904114 87.675171 968.359375
1179.009521 884.991333 263.487518 911.918457
1221.132202 864.928284 306.346130 891.759460
1247.889038 912.274658 333.213470 938.773193
1172.270508 776.972473 257.236298 802.852295
1172.270508 776.972473 257.236298 802.852295
953.426819 794.600769 24.112139 821.826355
1473.909912 983.352356 551.879761 1001.454773
