1181.086670 751.554077 802.078125 737.380005
233.893616 558.472534 1024.087158 1192.311279
698.176025 811.465149 130.683960 783.148376
828.551575 1066.447510 1108.658813 109.598373
736.138367 822.096619 132.782562 784.990784
1576.383667 739.234314 687.244080 728.802063
13.011237 721.903320 453.259338 519.099121
572.958191 882.511597 175.615707 726.034912
444.361267 1174.990356 1204.749146 495.658447
444.361267 1174.990356 1204.749146 495.658447
42.297298 503.776672 315.494904 514.494141
1395.515137 829.370361 515.058411 810.520203
299.423615 1039.612549 1325.858154 739.238525
485.197235 1107.292114 450.183380 794.894531
129.277695 1050.443481 1158.586182 780.741699
564.724854 969.636597 96.428093 1195.032471
1576.383667 739.234314 687.244080 728.802063
30.982367 868.811096 39.820396 796.938293
787.258301 1058.349731 1239.218750 883.319214
945.836731 1156.118408 46.361179 1153.608887
382.652802 985.887390 1167.232056 832.520264
503.700714 1114.074463 613.344971 757.181152
630.111023 984.782959 1111.567017 818.496826
10.792520 1086.455566 450.183380 794.894531
715.914429 804.339600 63.508804 766.924377
1518.181274 765.102356 632.641846 751.425476
573.085876 983.591675 142.486771 789.058289
687.383179 1097.843750 613.344971 757.181152
1086.757568 801.262634 208.732727 775.524048
864.950745 729.886841 1429.152954 933.277100
305.961060 744.125000 1508.314941 763.411804
382.652802 985.887390 1167.232056 832.520264
781.931885 1108.930786 1145.505615 409.039978
689.352844 1197.007080 37.432957 680.755859
689.352844 1197.007080 37.432957 680.755859
23.261162 1168.764038 1292.801758 857.326111
462.073853 1104.132202 754.249451 751.819885
1181.350586 538.501465 315.494904 514.494141
1197.048340 868.050049 319.309113 845.743469
381.757355 1142.225098 1095.458374 856.002930
517.816406 547.986511 1276.519043 872.820496
483.009430 1056.456665 774.703979 797.213623
638.778015 1154.645630 1499.619141 824.606384
458.595612 538.953369 1500.562378 851.071960
786.237244 1053.919312 487.407257 837.644409
1224.465942 549.501160 359.335327 527.043457
1153.328003 875.560913 275.895416 850.248840
560.561707 853.307434 704.903259 748.544067
430.968567 873.415161 1219.890747 735.625610
512.912720 930.944275 1452.656982 857.991638
830.722229 1133.937378 218.684814 505.851990
81.067566 1107.506348 1085.671753 800.083252
1437.081787 733.046387 559.183716 718.527954
1257.409790 747.363586 803.963501 697.790588
457.453918 1047.379395 56.868954 674.115112
572.720642 558.022766 1048.773804 761.686829
136.118942 768.599182 566.060486 597.500488
274.940125 997.661316 1357.931030 308.537476
246.487396 558.532898 255.794632 846.468445
917.067322 1173.500244 11.600615 1175.843872
278.460419 766.176208 264.226440 508.988708
1160.084717 544.962036 915.361572 749.141052
128.328796 1125.607544 180.985123 706.553894
679.982666 1092.135620 585.362610 592.495911
581.463684 1075.542969 1473.488647 878.290405
696.847473 795.442383 782.992676 671.497375
390.953247 906.387573 1343.347046 889.670593
1160.084717 544.962036 915.361572 749.141052
365.044159 947.654480 906.133118 835.182068
284.804993 537.036987 1464.770020 762.956055
979.810974 806.999023 95.856094 779.516785
1484.340820 589.763306 797.271606 737.886536
356.398834 1197.364502 410.188416 528.497498
379.432098 953.089722 1016.787659 868.602539
847.398376 895.975281 1374.065918 854.606201
725.179688 1162.191650 1111.567017 818.496826
1579.106201 744.125000 1058.935425 219.028809
803.855835 1187.615356 102.358803 1143.880981
639.062805 1111.107666 177.008560 774.066528
580.180298 826.791809 40.784580 785.771667
937.237305 800.498230 49.479675 771.720032
995.429749 532.108459 1377.993164 310.955811
1363.298462 866.318848 483.165863 840.632507
566.149597 974.675903 97.359634 1147.482178
1314.230469 860.233398 1511.206177 50.909473
1388.084717 529.204102 518.728882 518.506897
1369.195068 831.617065 489.863220 812.322754
1086.646484 537.959229 218.684814 505.851990
937.237305 800.498230 49.479675 771.720032
460.805847 1018.840027 1357.931030 308.537476
74.148232 799.837646 698.589294 807.984070
850.888733 751.397827 625.517090 811.955872
1067.382935 1192.129028 180.296494 1181.286499
1538.337646 844.068115 315.494904 514.494141
937.237305 800.498230 49.479675 771.720032
622.348572 1014.108093 650.635437 835.090393
335.652222 1117.940796 1358.374634 1193.557495
561.470520 769.686157 1323.491211 301.171600
1043.708862 1178.678833 154.272491 1169.606445
1579.106201 744.125000 1058.935425 219.028809
923.498901 1161.970459 19.531763 1162.734253
455.040771 1155.706421 1135.377563 768.543152
879.252319 713.014465 1204.871216 816.392273
511.379730 945.837952 1243.884277 511.106689
730.711670 1159.451172 1490.784790 812.749207
411.935425 976.781799 701.461914 740.544556
968.098206 707.542725 89.220055 675.850342
835.758606 1103.315308 1362.211792 310.436310
928.193787 800.370239 63.508804 766.924377
1015.402710 1154.200806 124.671326 1145.432007
1422.254883 524.559875 532.941162 862.883606
1511.365967 781.829163 624.752136 767.365601
23.499910 966.418335 247.892822 820.311829
442.366119 946.545959 907.887329 735.815674
1091.769165 541.837402 224.705978 509.774200
1375.708008 717.580200 498.977448 701.038513
23.499910 966.418335 247.892822 820.311829
730.711670 1159.451172 1490.784790 812.749207
1436.169922 822.484680 552.940247 804.442078
1506.613403 800.888550 619.915222 785.435425
189.308716 794.568176 1225.311768 823.916870
651.568237 599.819519 14.135510 1139.849609
662.715332 1024.214355 1255.132080 319.370026
276.705109 1050.209961 1302.291504 816.683228
442.366119 946.545959 907.887329 735.815674
1362.692993 527.211975 495.508118 513.766052
400.232086 559.608521 1501.234009 819.585388
1571.112183 817.233093 678.166199 801.457581
421.479675 1114.812500 440.944153 529.926758
269.070435 536.511047 246.922516 746.783936
1321.273315 535.165527 453.259338 519.099121
1340.495972 534.717529 1416.440918 333.150513
279.004028 1002.090088 1554.388550 764.416382
248.942230 1082.877197 139.326904 785.430237
1484.844727 734.451843 910.550049 807.578735
666.987183 1148.705811 1561.440186 752.058228
1290.890747 774.874084 415.187927 754.585999
1219.757080 1183.748291 338.059509 1161.821533
618.828308 740.863770 1531.376953 900.761780
1274.043945 542.145081 406.246216 524.114197
8.872715 750.526917 525.060425 754.282288
1219.757080 1183.748291 338.059509 1161.821533
339.077026 802.769348 833.181824 858.750122
896.687683 1169.596436 444.883606 795.561462
242.328445 937.894165 321.769440 1166.635742
1364.208618 819.032593 1445.351440 730.867432
575.757996 999.706055 53.326389 524.374634
50.847656 1015.702271 1371.107544 842.899841
506.841309 890.745789 1130.193359 414.852722
1123.575806 821.082153 245.708984 796.713745
1130.870972 537.575073 264.226440 508.988708
1079.166626 590.309021 208.936401 558.601563
1422.254883 524.559875 532.941162 862.883606
1156.279907 745.505737 1421.075684 730.980652
1519.504761 754.981567 468.518219 697.054871
70.564865 1160.152100 797.271606 737.886536
1182.575317 1182.864380 246.922516 746.783936
339.077026 802.769348 833.181824 858.750122
1213.000488 743.003845 332.275787 720.477356
560.054810 772.636658 704.903259 748.544067
364.009552 907.713318 846.894287 803.752747
373.984802 965.736267 1203.361938 771.044861
891.706238 600.238708 965.164368 304.337280
413.950226 1194.725342 1089.580566 385.328705
899.448730 827.633118 7.000012 799.980774
257.236298 802.852295 937.074158 789.977722
111.695778 1188.007080 440.944153 529.926758
460.390442 1001.222534 531.356323 756.945740
1299.294189 860.540100 419.927734 839.807312
1343.626099 750.116455 1291.594360 806.040527
1188.984985 546.873230 323.020447 522.043213
449.347992 824.108459 911.840210 814.229370
1343.626099 750.116455 1291.594360 806.040527
958.765625 812.462158 72.756195 784.598938
1480.464355 588.389465 1376.219116 776.639038
1183.741211 818.113159 307.165314 794.780029
1464.599487 597.699219 1247.996826 571.637939
1182.575317 1182.864380 246.922516 746.783936
441.033661 868.535767 681.380005 792.040955
557.264526 1079.466187 109.772873 676.310608
1345.325562 816.173096 104.298119 784.687561
987.277771 534.442017 115.296928 496.253723
460.390442 1001.222534 531.356323 756.945740
1578.875854 785.758789 1198.670654 887.443054
1520.428711 826.284546 631.999695 809.593750
1326.963013 818.489441 1421.075684 730.980652
1458.495117 843.811584 971.807800 298.345306
413.133820 1106.004150 1328.495361 853.902527
1466.711548 853.775574 540.221558 836.593445
635.744141 1180.808105 1554.388550 764.416382
43.840416 1192.015137 681.380005 792.040955
1252.296265 548.661255 385.383850 529.284851
971.090454 792.018372 87.025131 763.405823
51.236324 937.068787 797.271606 737.886536
445.268005 738.850464 893.872253 857.594788
461.946991 1011.483643 1392.096802 766.508606
670.659851 1025.179565 954.090759 730.050293
1396.134399 745.400574 518.119385 728.600464
1100.864868 822.280334 222.391815 797.477173
1343.626099 750.116455 1291.594360 806.040527
1450.789673 604.791504 574.588379 596.563416
453.356201 824.571960 14.135510 1139.849609
922.214905 813.484680 32.299988 785.264343
35.721157 1015.965637 292.273041 1168.546021
1244.126953 544.968079 378.664917 523.987793
35.721157 1015.965637 292.273041 1168.546021
1489.952515 848.262451 1519.132813 771.453674
557.264526 1079.466187 109.772873 676.310608
43.840416 1192.015137 681.380005 792.040955
614.610046 1189.429810 126.922577 503.706787
1473.116211 788.070984 589.307373 772.042236
1024.954956 1167.506348 133.861923 1158.745117
453.356201 824.571960 14.135510 1139.849609
413.133820 1106.004150 1328.495361 853.902527
1260.869263 547.752502 393.945160 528.118958
1172.023804 744.820251 296.612091 720.869263
241.507004 567.953430 1505.157227 766.763672
295.794281 815.658203 1500.562378 851.071960
1455.699707 700.349792 1208.433594 897.816528
209.511490 754.801758 1261.454834 771.963989
743.856262 1113.134399 1489.182983 793.167480
177.350586 885.848572 1591.331665 877.559875
809.949036 1134.383301 292.273041 1168.546021
901.995117 824.326172 726.276062 776.919067
1024.954956 1167.506348 133.861923 1158.745117
135.633804 959.508667 321.769440 1166.635742
111.030823 761.452454 1081.518066 736.887695
1489.952515 848.262451 1519.132813 771.453674
1442.320068 761.470764 561.987061 745.592163
537.197266 1180.176270 1225.579712 868.868530
230.814499 1048.291870 1172.998291 795.493530
135.633804 959.508667 321.769440 1166.635742
819.166321 811.373230 1315.550171 743.753235
1552.680908 730.106689 1463.043457 761.103333
1001.089050 806.920471 118.666595 779.678894
1557.933716 836.955933 665.309937 819.797363
531.014587 766.360352 1359.809326 850.920227
743.856262 1113.134399 1489.182983 793.167480
714.075684 1116.408325 965.971375 800.372192
1177.748901 540.985718 311.617706 515.826172
1099.346069 785.046326 222.003876 759.020996
697.228699 747.352661 590.083496 578.926514
903.062195 826.989258 31.386515 797.506226
1578.846191 836.588928 683.986938 819.288025
1234.566772 1179.077881 1240.586670 330.178467
1157.656128 880.278442 622.761047 833.854187
502.754089 911.036194 321.769440 1166.635742
112.970558 950.177979 877.906921 853.153625
1516.862061 735.664307 178.260056 765.559387
1469.512573 773.122986 586.484253 757.766052
1473.477661 791.386658 941.770508 314.364258
1347.071777 702.639343 363.782715 684.339172
908.721375 635.826416 26.622709 596.761292
748.886230 764.740112 302.874420 720.352661
1334.520996 802.344910 456.846863 782.843994
908.721375 635.826416 26.622709 596.761292
405.476837 1112.985596 1455.997925 735.469666
1214.988281 550.013062 349.606964 526.842957
230.814499 1048.291870 1172.998291 795.493530
760.357544 1063.418823 345.174622 1190.916016
1359.782104 863.627441 479.778290 845.413208
370.310211 937.982239 1465.623657 898.631958
921.252686 714.529114 37.432957 680.755859
1590.650024 768.535278 915.361572 749.141052
1234.566772 1179.077881 1240.586670 330.178467
566.467896 1016.957214 1386.677368 774.096680
395.337708 569.335022 345.174622 1190.916016
1595.742432 824.238525 699.641785 808.069336
517.363953 1018.999146 363.782715 684.339172
105.142944 1013.010803 1041.099365 850.788330
1131.557129 529.392029 266.065125 501.138367
1424.232422 778.027344 77.856003 759.362061
176.705093 1007.495178 1257.914917 806.644165
846.359497 828.928711 229.622025 793.847473
105.142944 1013.010803 1041.099365 850.788330
1423.392822 804.385803 541.850830 787.107910
1384.319580 746.330688 1174.565552 812.173767
898.660950 898.064209 780.268372 842.580322
987.876953 812.153809 104.298119 784.687561
732.638794 797.782043 229.622025 793.847473
1152.742310 745.380859 1526.026001 737.416931
524.770508 1017.426270 14.135510 1139.849609
276.046570 846.648315 380.002808 574.661743
1123.984253 746.436279 365.052032 720.161133
61.139267 1155.674561 614.336182 771.139282
500.705597 533.291626 1481.899414 728.030457
565.299744 1117.778687 1089.580566 385.328705
1212.053955 788.392517 335.968964 765.906372
760.357544 1063.418823 345.174622 1190.916016
1528.078003 733.362976 642.030029 721.343811
1590.650024 768.535278 915.361572 749.141052
1501.125977 771.871704 895.208435 846.058838
276.925995 1128.290161 1589.615967 843.525696
149.464355 1059.652222 536.521973 535.571045
1277.186035 547.096069 410.188416 528.497498
289.730682 948.034363 743.205383 736.632202
1338.865112 818.891907 461.231049 798.969238
123.772789 838.614502 536.521973 535.571045
1249.854370 741.932861 375.988190 720.543762
1242.916016 794.411865 366.878174 772.724365
1522.044067 803.470703 634.746582 786.713867
900.757935 817.600830 7.932457 788.902771
1447.369995 809.263123 536.521973 535.571045
941.200562 884.953308 1261.454834 771.963989
1564.825562 781.330872 673.570923 767.362671
491.635956 826.978149 115.067810 774.929199
1423.768433 840.461060 1245.369873 598.520142
1522.541382 735.842285 637.504639 723.283813
580.776367 979.293823 1135.145264 414.327240
785.138916 1179.108887 280.844543 773.381897
307.015381 1191.801514 321.769440 1166.635742
1267.873047 813.689453 390.600220 792.256226
61.139267 1155.674561 614.336182 771.139282
952.683411 813.111938 66.316139 785.354065
937.248962 1157.184082 36.203938 1155.449951
642.239624 814.809570 618.817261 773.980469
1402.066528 573.696655 531.414978 561.662537
41.353409 864.595276 1544.548828 816.072266
944.882507 813.138123 57.345444 785.109436
875.385437 811.364319 570.119202 775.535583
960.006042 790.893799 1565.860352 748.596375
1199.109741 800.358582 323.070068 777.444092
1005.904175 699.554565 128.305298 667.657104
580.776367 979.293823 1135.145264 414.327240
1505.863281 746.602661 621.865051 733.168884
1443.505859 801.310242 560.976807 784.315369
79.059883 750.481262 88.744942 1170.413208
1381.357422 530.107666 512.840332 517.947754
1522.044067 803.470703 634.746582 786.713867
1570.451294 739.680603 680.541138 728.194824
540.049927 822.115967 229.622025 793.847473
1077.988281 747.977905 293.005310 720.704407
1349.370117 858.862244 448.322845 839.114380
946.981873 743.622864 63.059113 712.161438
958.288391 542.475708 84.038147 501.590942
1177.906860 735.551819 302.908051 711.655640
1575.286499 852.341309 680.092163 833.980835
950.669250 891.928955 726.276062 776.919067
1312.625366 527.010742 445.346039 509.643280
434.650787 937.973389 682.425720 829.563293
1526.674561 740.861572 640.098999 728.467773
760.357544 1063.418823 345.174622 1190.916016
1205.830811 743.293945 332.275787 720.477356
1296.751831 540.181580 431.023865 522.782227
1419.866943 624.124878 544.840271 611.546204
151.378464 1027.449707 280.844543 773.381897
911.935974 797.730286 21.578890 768.375732
799.180359 825.896118 521.315613 836.895813
933.422058 1161.949219 31.228352 1161.405518
1098.892334 790.185303 222.104538 764.500916
9.276077 1113.536499 486.024719 513.452393
1164.420410 543.990540 298.793121 517.285095
1294.282837 765.781128 1501.213745 765.441956
1424.232422 778.027344 77.856003 759.362061
434.650787 937.973389 682.425720 829.563293
1331.943481 818.344238 454.277130 798.745117
1512.127686 852.468445 622.761047 833.854187
1294.282837 765.781128 1501.213745 765.441956
279.216187 949.522705 618.817261 773.980469
1213.805908 598.583130 344.778656 575.889343
937.248962 1157.184082 36.203938 1155.449951
461.225311 1049.843140 128.895355 495.015564
1547.476563 767.215210 133.555664 1171.572876
435.658173 1104.093506 1506.849609 739.904541
1461.484009 781.134277 579.556946 765.905762
1230.401489 744.988403 133.548599 724.942688
933.530823 792.642212 45.961750 763.264648
1547.476563 767.215210 133.555664 1171.572876
1160.490234 537.756592 295.194641 511.310364
1403.835693 771.158203 525.060425 754.282288
1400.779419 528.822815 532.317383 517.767395
1540.812622 806.989929 650.971191 791.431396
1394.397949 870.113708 512.094604 850.324402
1025.415283 786.023193 145.400620 758.349548
1139.867920 530.479431 274.323090 502.493134
1348.296265 540.479187 480.120148 525.850342
1471.437012 769.281677 588.485413 753.598511
486.081970 1122.742065 701.066528 746.411316
1575.873779 830.325073 122.440933 730.187805
1014.554810 811.815857 132.782562 784.990784
937.248962 1157.184082 36.203938 1155.449951
772.600464 771.549744 133.548599 724.942688
954.887268 788.991211 70.031593 759.867676
486.081970 1122.742065 701.066528 746.411316
1136.259766 804.830627 259.448181 780.400391
34.744862 783.759827 1087.085205 787.267273
1166.625244 884.485657 292.831543 863.064758
1470.031006 785.043152 586.947021 769.106445
1153.951050 598.748840 284.836395 572.224915
1326.213379 537.381836 458.453552 521.503418
1064.827271 772.715088 186.835281 746.224548
1465.543701 850.994812 580.090515 832.043091
1502.908325 736.633179 619.012878 723.536865
1249.661377 546.834900 383.001953 526.873779
268.247955 692.036438 526.545715 836.750549
1248.706055 595.808655 380.002808 574.661743
972.927368 1182.728882 76.029137 1180.263184
1163.009521 818.180664 285.928467 794.638062
1202.081787 824.666138 325.442017 801.929565
1265.647461 805.239502 388.943634 784.015808
1581.545288 846.627563 685.611450 828.810486
1502.908325 736.633179 619.012878 723.536865
1433.650146 795.940247 551.638550 778.961365
1500.541382 799.484863 614.729980 783.660706
1002.452148 1154.998169 109.666924 1147.987549
1038.853516 787.046021 159.488373 759.735718
983.697021 1174.276489 88.744942 1170.413208
430.010254 882.439026 1047.790771 830.396790
34.744862 783.759827 1087.085205 787.267273
1569.520752 855.711304 674.796936 837.274048
1249.661377 546.834900 383.001953 526.873779
1560.061279 856.317078 667.332703 837.842346
1495.926147 847.755493 609.449646 829.121460
1262.945923 799.213501 386.505737 777.928223
1509.880005 769.781128 623.654846 755.588867
1221.326416 817.930115 526.545715 836.750549
1076.723511 767.923950 199.990067 741.278503
979.428528 820.902466 94.828720 794.040222
514.426697 1082.744507 750.875000 758.560486
962.292175 788.471558 77.856003 759.362061
1578.431030 739.844971 687.244080 728.802063
1393.372803 856.669800 521.315613 836.895813
1301.651611 635.343994 430.108429 617.342590
1590.787354 798.905151 695.560791 784.044861
1399.038696 567.835266 527.972229 555.526245
1290.009399 808.135559 413.030914 787.210388
898.480042 733.911316 9.875829 700.480347
160.501328 901.285217 1072.143433 805.894836
343.853119 942.286255 1245.369873 598.520142
133.444214 962.986023 280.844543 773.381897
1468.296509 762.291199 585.851807 747.112244
405.781525 896.298462 750.875000 758.560486
935.736694 1167.046143 34.616547 1166.949829
1434.178955 529.350647 563.886108 520.984863
1235.318481 1181.561890 353.864960 1159.048096
1080.642090 819.887512 201.795929 794.579773
1227.284912 794.016968 351.457245 771.323242
1513.420166 822.504028 624.814697 805.724609
1458.211548 584.478333 583.860840 575.059937
1536.001709 871.956238 644.283447 852.649231
942.828552 1166.137817 42.259785 1164.949829
1565.006958 845.469849 671.499207 827.803711
1051.984375 767.098145 173.500076 739.611572
962.041748 1166.419800 64.598129 1163.571533
1460.545898 602.022461 585.362610 592.495911
1182.511719 813.053711 305.691803 789.728516
1297.575562 753.493530 422.107513 733.644714
1521.781250 749.812256 635.790833 736.644165
1260.341675 877.862915 381.398834 856.088135
1505.433716 736.158691 622.125366 722.622498
1432.324585 777.964966 551.223206 760.817200
1493.640381 796.821838 608.515747 780.809265
1018.395691 785.732910 137.785248 758.007446
928.135132 742.270630 42.516541 709.999695
941.577393 791.507202 54.384777 762.634155
1113.286987 796.908447 236.167603 772.182800
1543.603149 812.880005 653.053833 796.824768
1061.671631 777.242126 183.619247 750.161194
1334.597534 731.284912 459.282257 712.984070
1271.276855 547.320007 404.131866 528.587158
1488.648804 852.319946 601.960938 833.754333
1226.553589 742.051086 352.304565 719.774048
1319.221069 860.161743 440.222382 839.421509
1476.334839 785.240967 592.331055 769.509399
973.784851 821.133789 91.040497 794.035706
1588.979858 778.925964 694.935730 765.899109
1574.527100 807.184814 681.380005 792.040955
193.839066 1171.388428 113.676445 793.749817
1063.878906 746.620605 187.858170 718.772339
1165.569580 573.868713 298.311035 547.916382
1433.650146 795.940247 551.638550 778.961365
1124.800171 795.567322 248.006775 770.644409
1257.684448 744.555054 383.350555 723.377136
1023.737061 538.219177 153.396301 502.425293
1382.553467 833.175049 502.362000 813.769714
1163.034180 580.943237 295.546082 554.737122
661.879150 1179.477783 1481.899414 728.030457
1165.569580 573.868713 298.311035 547.916382
1455.114014 842.354797 570.720276 823.957886
1055.435913 783.416504 176.749771 756.864807
774.505127 814.446899 115.067810 774.929199
1040.911987 745.787598 163.059738 717.280212
1303.831421 732.276855 429.235962 712.801880
1214.565552 775.426270 339.537598 752.181885
1202.649780 1191.986938 321.097504 1171.445068
1481.601196 846.097839 595.165344 827.720032
1058.055176 803.421448 178.750427 776.893433
1384.274658 622.353882 511.161530 608.410400
1530.219238 759.122864 642.884094 746.264343
1204.986450 799.193054 328.879242 776.316589
1284.554199 819.289734 407.614502 798.394226
1183.964233 820.239502 307.338348 797.063477
1175.347290 854.747498 297.525543 831.838867
1253.506348 782.798767 377.436035 761.051819
1355.354858 827.215088 476.395050 807.552734
990.724854 1154.483398 97.359634 1147.482178
1515.309326 760.681702 629.705627 747.159973
1048.348022 541.746277 179.389908 507.338623
1538.111084 847.390137 646.947021 829.571655
1189.704224 824.135193 312.679688 801.211304
1036.795410 1169.489014 148.081406 1160.173584
1542.645630 853.404724 650.635437 835.090393
362.968781 801.772888 366.506897 1185.977295
774.505127 814.446899 115.067810 774.929199
1008.967041 1160.732178 117.604820 1152.993530
977.831299 1154.651611 82.516830 1148.791748
1140.757935 866.259766 262.556091 843.008728
1291.127197 820.970886 414.212189 800.213318
1322.150269 824.695313 443.800751 804.489319
1253.506348 782.798767 377.436035 761.051819
1108.356445 765.814514 232.525192 740.048401
1284.554199 819.289734 407.614502 798.394226
1311.608521 876.516479 431.697968 855.255920
1567.627197 772.618835 676.767578 759.086853
1479.560425 853.288147 593.279602 834.400269
1530.797119 807.017334 641.382019 791.053833
1203.726807 1187.115723 321.769440 1166.635742
1479.560425 853.288147 593.279602 834.400269
1346.770264 754.006042 470.234528 735.772705
1057.138794 791.862549 178.260056 765.559387
1151.221313 831.239563 273.668701 807.691772
1450.494385 592.629517 576.050537 583.020691
1107.808105 818.588623 229.622025 793.847473
963.335693 1186.632446 64.588638 1185.478638
1115.788208 758.987549 240.509003 733.185852
1160.111572 802.127136 283.568024 778.298157
459.025116 1197.572632 982.601074 715.009949
1012.793762 749.207825 133.707062 720.089600
1424.418213 758.867432 544.736084 742.620667
1254.341309 819.404297 377.676605 797.524231
1017.698364 801.925659 158.298203 776.002441
1187.168823 1189.333618 305.307404 1169.628296
1426.698853 830.793396 544.114746 812.395264
1393.937378 835.680847 513.760681 816.638916
1330.882690 852.502319 450.586212 831.929810
1254.341309 819.404297 377.676605 797.524231
1560.862793 877.053223 667.060486 855.688843
1373.523438 738.896851 496.304138 721.708740
1177.445679 744.290039 302.874420 720.352661
1264.627197 645.029175 393.230743 624.564087
1265.095581 764.696899 389.593994 743.873047
1212.748047 747.138794 338.441010 724.313416
1148.211060 565.715759 281.178009 537.393494
1104.605225 533.529907 238.501251 503.019714
1520.262451 794.568176 633.672668 779.206604
1051.837524 648.196838 178.037659 617.313721
1390.355591 761.376404 511.865570 743.971680
1560.891235 855.018616 667.469971 836.957275
1232.958740 781.178040 357.190216 759.312500
1034.898560 623.541443 162.018890 590.570740
1206.702515 747.487488 332.890350 724.524658
1499.705078 835.109619 613.237183 817.934326
1051.101074 791.945129 171.909500 765.265564
1282.557251 732.783691 408.228302 712.473938
1445.800659 777.795471 564.175720 761.455444
1205.068115 794.716187 328.776611 771.919128
1390.355591 761.376404 511.865570 743.971680
1465.696045 845.595337 580.304749 826.747864
1234.799561 793.920288 358.686676 772.008057
1174.174805 762.931885 299.462311 739.002441
1034.756714 1166.547119 145.878677 1157.167603
1221.030029 757.315247 346.070313 735.215332
1084.770020 550.168335 216.600113 518.148132
1421.745605 783.786011 540.871277 766.715149
1209.672485 781.697449 333.845276 758.897461
1420.082153 853.800049 536.841187 834.304199
1442.285889 770.593384 561.143005 754.494507
1440.500977 608.012939 566.060486 597.500488
1420.082153 853.800049 536.841187 834.304199
1363.288696 860.833252 483.165863 840.632507
1287.624268 851.761963 409.289764 829.748657
1353.101685 822.517883 474.190765 802.850769
1459.768555 837.587646 575.117310 818.966736
1198.326172 782.713806 322.583099 759.672119
1128.431519 745.783630 253.282166 720.269531
1157.774292 810.606323 281.006317 786.883667
1499.705078 835.109619 613.237183 817.934326
1205.068115 794.716187 328.776611 771.919128
1182.023804 754.703796 307.287598 731.018921
1123.281860 821.833984 245.549713 797.462036
1149.321533 803.871948 272.562164 779.857666
1325.410767 586.510803 455.041443 570.146179
1336.552246 773.424561 459.575745 754.479126
1320.227051 788.806702 443.332794 769.090759
1379.027588 770.028320 501.037079 751.849121
1452.680542 791.990540 570.119202 775.535583
1503.666016 851.104858 615.629944 832.699768
1476.911621 741.415649 594.740417 727.627502
1421.098999 825.625488 539.755859 807.046204
1092.233032 829.365601 213.186844 805.695435
1049.130005 746.748169 171.638428 718.600159
1384.024170 811.984924 504.158600 793.266052
1173.886719 751.873291 299.172791 727.841309
1384.789917 568.381958 513.968567 555.780884
1185.281128 749.754700 310.969208 726.028320
1310.505981 759.473328 434.170441 739.513794
1527.661011 846.135071 637.524719 828.092651
1350.384888 874.020569 471.685455 853.032593
1340.439819 739.326843 464.819641 720.692993
1467.749512 870.157349 582.013611 851.273865
1135.056030 751.077026 259.869110 725.763123
1130.633545 763.411560 255.196991 737.885376
1142.116577 825.140503 265.066620 801.357849
1388.712769 741.181824 511.187653 724.538574
1160.155396 823.272095 283.068237 799.654541
1223.714355 617.744873 354.289001 595.145203
1125.751953 844.521423 247.892822 820.311829
983.265625 769.233459 100.844078 740.045715
1480.190430 772.896851 596.677063 758.003174
1096.223755 765.983276 219.629532 739.623230
1393.387451 824.418030 512.919006 805.472351
1370.002808 823.797180 490.617554 804.398193
1572.842773 747.696472 682.270264 736.075134
1363.338135 852.849121 483.267517 832.802917
1284.582642 760.730591 409.085236 740.219543
1147.869019 862.879944 269.825256 839.654297
1228.336914 845.116943 351.038971 822.920654
1488.075439 859.180359 601.091675 839.750793
1234.081665 748.991333 359.801605 726.966431
931.446228 565.863403 53.326389 524.374634
1469.317261 832.772888 584.806885 814.656982
1488.075439 859.180359 601.091675 839.750793
1017.671021 756.274902 138.117325 727.369507
1439.628540 869.830383 555.718750 849.744934
1032.321289 747.124817 154.303207 718.582458
913.421021 822.729553 22.410934 794.975159
1147.869019 862.879944 269.825256 839.654297
1103.372803 821.143982 224.770035 796.334351
1538.617310 829.791687 648.166931 812.953247
1322.339355 743.549561 446.731659 724.516235
1212.241333 841.604187 335.190552 819.535583
1356.274780 742.374695 479.846283 724.487610
1198.105957 838.523254 321.319061 815.548889
1469.317261 832.772888 584.806885 814.656982
1268.258179 742.173096 393.746490 721.407898
