343.179871 761.971985 184.573380 851.252319
1488.860107 784.767090 1560.207764 53.902592
343.179871 761.971985 184.573380 851.252319
1001.815063 823.096008 292.998657 786.904236
888.967224 841.035156 653.606689 162.046280
553.602356 518.097656 520.942810 315.046478
415.187927 754.585999 1182.244507 876.004822
1231.322876 899.382446 1187.039063 1141.655273
1215.476563 715.263184 973.301819 748.953186
192.249084 1181.099365 61.734665 292.231964
1060.857544 853.343811 1480.572021 775.788696
1021.002563 838.877136 250.249527 830.737244
680.092163 833.980835 1310.681519 855.911377
1342.855103 897.468445 24.465261 896.219910
601.592590 820.063171 350.598480 777.620056
176.749771 756.864807 676.933228 854.127869
351.038971 822.920654 66.029900 862.734741
245.549713 797.462036 994.267517 732.804382
148.081406 1160.173584 1435.998291 1151.778442
917.189026 839.109314 126.245171 889.477417
1353.380737 727.126282 381.918488 722.253235
489.863220 812.322754 618.565796 798.689270
1173.487305 880.423950 980.807678 877.036682
1473.600586 885.529480 184.932159 763.738220
1145.505615 409.039978 653.606689 162.046280
1131.289063 720.513245 224.730850 719.253662
1074.831787 735.233215 717.014526 800.939514
297.220276 538.660156 1145.996826 186.243286
895.735352 736.924561 23.895626 868.125000
1386.215454 802.210999 1153.398560 875.901917
111.258980 494.427948 129.912445 454.813904
1196.671631 860.865845 1234.547241 783.601563
544.840271 611.546204 673.158203 174.453384
1587.682739 749.373962 74.506371 746.575928
1587.682739 749.373962 74.506371 746.575928
1072.406006 863.658997 365.639282 877.230652
1584.632690 801.133362 264.218567 788.610718
469.684662 514.921875 1269.440796 307.272522
1257.398193 799.311035 1163.128052 790.539246
1475.332153 769.469910 220.806351 738.474731
332.275787 720.477356 288.090057 884.862183
584.225098 805.832520 23.895626 868.125000
1258.987305 768.814941 99.015678 794.951904
1247.860352 900.592346 1160.819458 746.958862
1473.382324 727.642944 290.954407 718.711609
1358.222046 854.735046 40.264835 851.361877
1385.250977 836.865173 1453.754761 834.025269
613.344971 757.181152 1419.528076 750.303406
1216.439209 749.751648 1448.146362 825.031006
118.909729 863.982117 1410.472412 708.546448
1377.787720 750.497620 61.083370 745.506836
1209.532349 815.656799 34.145233 750.983643
961.295471 761.716064 1180.835327 1124.340576
218.747833 798.550842 402.078491 726.306335
1028.290161 751.637512 1400.105713 837.112976
498.291931 684.978394 290.954407 718.711609
1317.977539 271.751526 66.427696 291.042419
921.869690 826.202271 379.004944 888.929626
735.669983 820.191589 108.731216 852.479065
1491.349487 42.505165 200.612122 41.988853
575.117310 818.966736 259.970978 874.841736
1569.984863 730.954651 1265.252441 745.170715
1385.641479 778.039490 418.465973 761.608276
885.397461 822.611572 281.100861 739.692444
1203.441406 325.881989 155.482620 731.117126
209.652313 738.001343 866.656433 20.270658
56.868954 674.115112 290.954407 718.711609
128.305298 667.657104 224.730850 719.253662
999.020752 239.875809 1142.006714 801.914368
542.942261 510.451935 654.939331 169.362320
1290.111450 70.616318 489.648407 725.833923
1550.400146 825.020081 232.386368 812.615356
967.017761 297.683289 731.400757 808.090332
639.010559 823.440857 749.797302 785.267273
1445.899536 744.976257 47.009018 741.228027
1379.851807 780.460388 63.209763 773.503784
1376.219116 776.639038 58.819630 769.922852
316.139771 794.618835 1356.609375 729.712341
1379.851807 780.460388 63.209763 773.503784
1186.905273 749.216675 1490.670776 838.575256
967.017761 297.683289 731.400757 808.090332
429.235962 712.801880 764.479736 811.644836
352.472504 1185.570313 1292.468384 850.582397
1108.359497 870.912781 820.890564 863.179993
1366.774170 314.526184 54.938927 294.311798
414.390350 681.029358 620.586182 178.767990
352.472504 1185.570313 1292.468384 850.582397
1570.306152 733.053589 250.971786 722.849792
1186.905273 749.216675 1490.670776 838.575256
1023.373779 729.807800 1134.985962 737.242249
999.169312 783.384399 1078.443726 468.460999
907.419678 736.155029 405.362885 744.857910
1258.482178 888.825073 874.738281 840.541687
1447.828003 468.829712 134.184479 458.837952
1357.982666 771.646729 39.479191 765.088013
1479.415161 886.731873 164.666138 876.724426
1419.196777 896.462219 1360.432739 726.974365
1292.004395 893.390869 1204.256592 803.870667
222.003876 759.020996 768.816711 760.938416
255.895630 1175.710815 224.730850 719.253662
1358.942871 854.909119 40.758934 851.032532
183.619247 750.161194 846.365662 191.014633
1402.857422 751.754028 87.471909 744.139526
461.891083 838.861694 1343.654175 868.400574
1325.811279 892.755127 1123.141846 1140.482544
440.159393 743.054321 244.012253 857.023193
1344.840454 770.117859 25.466558 763.216797
497.486328 512.273438 508.371918 245.763962
907.419678 736.155029 405.362885 744.857910
913.637512 847.408691 158.168533 889.158386
1516.415649 810.836426 200.389694 800.287720
133.861923 1158.745117 625.562988 158.917267
1373.469238 311.995544 61.734665 292.231964
1257.500122 894.213745 1225.138672 1144.622925
525.065857 819.093689 620.586182 178.767990
1330.997437 868.140503 11.001250 866.497925
719.207397 616.502991 508.371918 245.763962
1514.513306 822.532959 198.602661 811.337463
1514.513306 822.532959 198.602661 811.337463
1292.004395 893.390869 1204.256592 803.870667
1547.004150 372.559357 620.586182 178.767990
719.207397 616.502991 508.371918 245.763962
1343.654663 723.945129 1356.609375 729.712341
246.215973 719.917725 397.713074 888.016296
1393.903931 762.507690 77.564926 755.285217
261.536072 856.591431 546.738525 722.874634
840.272034 835.797913 641.295776 773.810120
1579.069336 891.035339 259.970978 874.841736
1018.910950 871.499207 173.781219 783.442932
838.432678 779.122925 1020.867249 872.345825
441.882141 784.991089 1115.890991 802.927734
497.486328 512.273438 508.371918 245.763962
1083.027588 307.516663 1343.654175 868.400574
1553.220093 745.717407 234.968872 735.557251
1391.744141 777.258057 433.056854 873.086121
1526.350098 817.422424 209.423355 806.345398
1575.886597 729.393738 224.730850 719.253662
14.135510 1139.849609 807.898254 98.857864
1323.491211 301.171600 1400.105713 837.112976
171.638428 718.600159 1343.654175 868.400574
1584.338135 796.143005 265.334442 783.369446
396.445007 739.645691 318.990387 803.920837
222.104538 764.500916 585.222717 835.006653
1140.385132 184.588013 647.234558 154.762527
1319.014771 851.481079 310.098846 884.600403
720.469849 843.286865 260.081329 886.121277
720.469849 843.286865 260.081329 886.121277
363.782715 684.339172 1253.231445 1134.220093
162.018890 590.570740 379.183258 265.901703
676.567017 733.892334 438.309753 152.729309
396.445007 739.645691 318.990387 803.920837
1329.355713 845.951294 8.766029 843.724670
1472.130249 482.643158 158.446823 473.707184
377.436035 761.051819 1175.828857 1136.721802
296.612091 720.869263 901.102783 706.754944
782.992676 671.497375 224.730850 719.253662
1106.659180 499.473724 1242.395508 796.533386
39.820396 796.938293 1016.397156 702.726990
1312.109863 882.738098 77.071457 890.749573
1290.280640 72.016632 1175.327637 103.742271
1530.420532 805.236877 766.248169 728.572266
1121.285400 226.277802 339.914093 779.003357
1166.550415 886.585632 731.400757 808.090332
1493.509155 815.138977 1279.549072 843.886475
505.245483 803.532898 1086.948853 878.951538
1524.586182 869.595093 208.754547 857.090149
1248.051147 48.337208 439.230438 193.785492
51.522343 765.349426 552.262939 783.646240
377.436035 761.051819 1175.828857 1136.721802
1166.550415 886.585632 731.400757 808.090332
1416.440918 333.150513 106.562737 320.161560
578.558228 762.191406 669.152283 187.745987
1526.026001 737.416931 199.021957 727.937927
771.998291 822.582642 1197.007935 828.960571
369.233093 779.590881 1113.551025 846.726379
503.690765 759.749023 1376.155518 1195.358398
578.558228 762.191406 669.152283 187.745987
526.545715 836.750549 225.883865 722.375183
1328.760620 769.689819 8.270262 763.556641
1409.007690 895.913513 1291.910645 1136.908081
1412.493530 842.652161 97.461449 835.567627
1290.280640 72.016632 1175.327637 103.742271
187.858170 718.772339 1343.654175 868.400574
369.233093 779.590881 1113.551025 846.726379
1341.822632 293.182281 583.821106 176.485245
1427.954102 726.986816 224.730850 719.253662
1024.123291 872.245422 1064.486572 727.154785
359.052124 720.093628 1343.654175 868.400574
1413.333984 885.272705 99.978569 879.085205
1481.899414 728.030457 224.730850 719.253662
1511.936035 866.118286 196.132629 854.455933
1009.600281 1112.044067 593.993774 775.425415
1341.822632 293.182281 583.821106 176.485245
1118.478149 204.247040 822.314941 833.195251
1325.858154 739.238525 5.463916 732.121460
1560.476318 747.682129 241.405746 737.072998
1409.742310 741.235107 93.833763 734.611328
1248.051147 48.337208 439.230438 193.785492
1468.264648 472.783630 154.552048 464.667053
979.983276 742.040100 958.809021 825.421875
468.518219 697.054871 402.078491 726.306335
1402.997192 745.742004 86.974625 737.735168
1021.901733 750.647766 863.795715 816.808716
320.667786 538.496765 863.795715 816.808716
1560.597900 833.365967 241.923584 820.561218
1538.057007 748.726135 220.806351 738.474731
660.103455 726.982910 277.168701 779.355225
521.315613 836.895813 220.206619 722.403503
1416.208862 860.104187 102.040321 853.475281
1527.453613 846.802734 1146.700073 831.794617
1440.357056 897.126526 126.245171 889.477417
1560.476318 747.682129 241.405746 737.072998
1142.683716 863.432861 1594.581543 863.835083
1364.318115 744.297058 46.685951 736.591736
1536.763184 737.702454 219.847137 727.950989
293.838684 1178.081421 320.160370 865.248962
1595.190796 729.513123 224.730850 719.253662
1511.748169 783.650757 195.017990 773.665588
1238.714722 893.246521 1197.696533 1146.202637
1471.097168 740.129028 155.482620 731.117126
1285.750000 852.419434 974.527405 872.127563
1377.993164 310.955811 66.026314 292.240204
660.103455 726.982910 277.168701 779.355225
1414.937744 802.529175 99.015678 794.951904
1502.455933 786.218933 186.589127 776.229614
1423.547241 859.630188 108.731216 852.479065
1421.075684 730.980652 105.451141 722.511658
1435.356445 848.828796 120.994881 841.194763
1203.783203 897.324646 224.730850 719.253662
541.172180 755.753113 268.474457 829.087341
102.358803 1143.880981 625.562988 158.917267
1473.203857 365.207153 163.167679 355.786835
590.083496 578.926514 249.178879 854.560364
1407.806641 802.820923 91.646561 795.787842
1501.292969 495.250519 186.880035 488.028259
1414.418945 866.808899 99.762169 860.295410
1233.189331 482.582428 1393.235107 869.409851
1436.093384 767.990356 120.891670 759.591064
133.548599 724.942688 551.987976 721.326233
1567.333008 810.546387 248.110428 798.069397
1389.146484 771.672485 72.694199 764.501343
1402.597290 843.069092 86.936958 836.836609
902.878723 798.844482 751.729553 782.186157
1395.531860 311.966766 612.125061 156.615372
1273.944336 796.678650 378.416412 732.371033
976.789246 715.020874 109.873199 889.979065
1390.486084 766.150330 74.667992 758.766113
1509.214355 734.977478 1291.910645 1136.908081
446.731659 724.516235 1407.165283 499.832397
1497.081421 780.403015 181.238205 770.826294
479.846283 724.487610 1383.742554 1182.518311
1464.264526 877.845703 149.820053 868.559814
1346.289673 813.803162 646.297424 883.644714
1545.669067 791.552979 227.955734 780.151489
1396.847412 731.417786 80.556992 723.451965
1589.903198 763.847778 268.581512 752.162048
941.770508 314.364258 379.183258 265.901703
109.947594 606.492554 291.165344 758.326050
1349.545044 862.311096 31.447247 859.217346
959.905090 782.380371 381.950836 725.976318
109.947594 606.492554 291.165344 758.326050
1338.980347 771.092651 19.167135 765.048462
1373.927368 894.648804 57.645126 891.157898
1142.459229 903.963440 93.203400 765.892090
1301.353760 764.418274 268.474457 829.087341
846.983521 682.119019 224.730850 719.253662
618.817261 773.980469 807.222900 610.481995
959.905090 782.380371 381.950836 725.976318
1499.619141 824.606384 183.839737 814.201599
1536.730225 551.686890 218.792679 545.574768
1449.918457 897.723022 134.771408 889.331665
1495.600708 872.738953 181.054535 861.766113
1515.131714 814.909668 198.464691 804.119324
1340.946533 794.062378 21.170650 788.942261
1360.563843 893.005249 43.518887 890.822937
1479.869507 833.673157 164.550095 823.803467
842.777161 757.486755 381.950836 725.976318
1413.813721 878.374146 99.606834 871.898132
1551.949585 898.366272 235.252899 884.550659
1489.182983 793.167480 173.781219 783.442932
1443.091431 473.733002 130.150238 463.307251
1359.156250 891.719360 42.403225 889.187988
1589.615967 843.525696 1189.073120 1132.359131
1542.671021 821.061035 224.967484 809.188110
1490.784790 812.749207 175.019836 802.897827
1354.642334 866.221436 36.778603 863.177124
1030.275879 702.068237 224.730850 719.253662
1481.573853 793.516479 166.301346 784.030090
1361.525269 862.665039 44.196629 859.067688
1523.130127 813.307373 206.326004 802.471619
1373.927368 894.648804 57.645126 891.157898
1397.549072 895.382690 82.414040 890.374878
1493.467163 810.200439 178.083618 800.067688
1575.044434 808.378906 255.044846 795.626831
1450.606079 824.580811 135.734222 815.954529
1429.936279 471.300598 117.257866 459.966125
1360.685303 830.567688 42.343201 826.249207
258.861633 505.082245 1277.052856 863.953613
1561.863403 731.769714 243.005127 721.780640
1416.460083 334.559387 625.562988 158.917267
1475.076782 881.741089 160.712601 871.942871
1560.341187 879.242493 241.755539 864.839355
1411.541260 730.316101 96.219017 721.996582
1473.462891 801.066040 157.836121 791.799377
1395.574341 840.078979 79.824722 833.778687
1533.282471 787.597473 216.466904 776.707764
1359.277344 731.766235 41.288979 724.080383
1490.616943 882.390686 176.305573 871.541138
1363.251953 758.089661 45.436619 751.178589
1348.884766 871.245605 30.173311 868.370911
1449.526123 809.726379 134.785309 801.063354
1438.501587 851.046570 123.832985 842.960083
1359.594360 837.354614 41.780529 833.106873
1347.363037 738.958923 28.267193 731.758423
1341.660278 875.429382 23.196682 873.377563
1358.958618 867.565491 41.389549 864.199341
1361.944458 612.154053 43.459206 601.179565
1350.922119 733.794128 32.155754 726.275269
1579.253052 844.241150 259.178436 830.348633
1386.677368 774.096680 70.041595 766.929260
1329.537842 754.070923 9.297078 747.826172
1475.076782 881.741089 160.712601 871.942871
1342.649536 870.370789 23.895626 868.125000
1448.567627 789.387634 133.496216 780.821899
1330.070190 860.478271 9.860838 858.455017
1475.822998 819.601868 160.566238 810.092957
1337.279541 797.567993 17.864231 792.554138
1470.718628 745.045776 155.299271 735.836243
1544.548828 816.072266 226.676758 804.115723
1554.766602 813.750977 235.598053 801.746033
1379.845215 870.349243 63.510063 865.892456
1536.821533 897.256958 220.025070 883.664612
1352.713989 299.309814 40.346294 276.677185
1540.490112 735.880554 222.728653 726.140503
1480.440796 764.452209 165.282761 755.385437
1377.723999 812.242188 60.773102 806.287354
1343.347046 889.670593 24.851114 888.215820
1529.072510 735.317505 201.751495 725.702026
1534.940796 735.416382 217.474579 725.729309
826.528381 711.334106 1594.581543 863.835083
1337.241943 755.877075 17.845852 749.384399
1522.625732 874.479919 207.743484 862.115051
1418.727905 836.122192 103.306679 829.314453
1505.157227 766.763672 189.108353 756.979553
1443.464600 879.563721 129.439957 871.551270
1384.764160 894.697571 69.266151 890.514038
826.528381 711.334106 1594.581543 863.835083
1370.400513 877.912842 53.960964 874.176392
1455.997925 735.469666 140.725586 726.750671
1572.600586 812.294617 251.965805 799.656799
1555.263550 549.565857 236.430923 544.320068
1509.957031 787.125793 193.443008 776.906799
1554.973389 735.942017 236.641312 725.896729
1357.931030 308.537476 45.023556 287.043915
1474.232300 744.125793 158.840195 734.971130
1433.153320 754.987427 117.098938 746.625610
1445.365234 880.855957 131.441086 872.718994
1414.540894 754.572388 99.082970 746.480957
1490.131958 896.531616 175.694397 885.722351
1509.594971 815.450317 193.472580 804.941345
1487.626343 808.972107 172.072784 799.200134
1531.444946 760.058899 214.168961 749.674133
1558.744263 772.974976 239.898834 761.931641
1366.035278 867.623535 49.228874 863.700867
1522.625732 874.479919 207.743484 862.115051
1472.068848 877.582275 157.881958 868.333496
1549.170166 799.815735 231.077515 788.269165
1347.817749 830.876282 28.807652 826.872559
1562.456177 871.347534 244.012253 857.023193
1365.879028 819.086853 47.997425 813.780518
1388.163940 781.010498 71.518532 773.932556
1499.392212 798.423096 183.511368 788.324890
1516.254517 793.164124 200.022369 782.674011
1561.064453 803.492126 241.728302 791.393005
1335.244995 853.829651 15.270065 851.492920
1335.244995 853.829651 15.270065 851.492920
1454.470947 743.452698 138.987015 734.492798
1362.211792 310.436310 49.169762 289.786316
1463.043457 761.103333 147.962296 752.185486
1508.305542 746.467224 192.255264 736.808960
1579.354980 803.527832 259.088165 790.993774
1429.310059 778.637573 113.853981 770.390808
1368.442749 774.148193 50.697948 767.738892
1380.706055 878.235901 64.797638 873.946716
1454.470947 743.452698 138.987015 734.492798
1568.134766 883.818420 249.800980 868.777161
1377.902100 734.958191 60.874348 727.328613
1394.302002 771.581787 78.246346 764.252319
1329.271118 734.446960 9.001437 727.257935
1523.554077 788.957397 206.811264 778.292480
1394.025146 756.954468 77.483025 749.427063
1463.252563 814.848206 148.393265 805.766052
1365.879028 819.086853 47.997425 813.780518
1478.207886 784.985535 162.938599 775.757935
1509.170532 888.354187 193.927780 876.637634
1473.161133 756.610168 157.654663 747.492065
1429.741577 870.273010 115.112595 863.049133
1457.978760 854.496277 143.215698 845.656616
1551.053467 881.964478 233.316589 867.812561
1369.250610 742.464355 51.721992 734.931763
1445.399658 870.297607 131.052200 862.123352
1541.457764 797.236084 222.919678 785.933655
1474.831543 803.526367 159.760147 794.108093
1446.065186 766.583679 130.880264 758.072327
1432.473389 847.326477 117.877800 839.778442
1468.038940 793.316895 152.907501 784.196960
1478.730103 811.364746 163.481766 801.786987
