371.657654 885.325012 1463.183594 1176.102661
80.944016 830.575928 665.807190 814.361755
172.081238 806.466187 188.437485 1131.336426
216.466904 776.707764 1449.996460 210.352341
1198.468384 744.334351 178.575912 1132.786011
947.734131 754.222778 115.712814 828.325439
599.839600 727.255371 1082.166992 708.468506
99.762169 860.295410 1224.605103 1116.593628
811.970581 137.925339 1410.372314 208.139069
1168.035889 781.316284 179.860611 838.490723
357.149292 250.859436 273.505829 804.126831
1130.210938 324.050018 823.375366 809.546082
61.083370 745.506836 456.841309 679.288452
49.045181 282.238892 887.354004 307.626343
357.149292 250.859436 273.505829 804.126831
49.045181 282.238892 887.354004 307.626343
46.622551 746.857422 720.347351 100.783455
78.223923 919.564209 260.057129 1129.918579
170.201813 733.660828 469.298340 819.973511
706.499939 877.852234 1118.165283 1162.916260
1574.702515 754.141296 676.911438 721.804016
157.240082 809.794861 115.712814 828.325439
273.908051 723.715515 1127.510986 682.448730
390.565063 238.575531 188.695709 948.274475
15.618360 856.348328 16.154488 841.082886
1171.494019 1121.682617 202.167130 1093.648315
1565.412231 756.339111 349.705566 803.359192
626.064514 156.870850 469.875031 266.798096
1269.440796 307.272522 403.124023 271.541016
232.984650 910.157898 1559.180786 1165.137329
1216.209839 1123.453003 1345.412476 789.490051
219.904800 51.448807 15.499918 782.159668
232.984650 910.157898 1559.180786 1165.137329
1467.570679 742.047546 579.016663 708.052185
497.872711 952.486084 1425.339600 213.119751
1122.081299 785.546265 236.495209 745.275208
381.918488 722.253235 1104.633301 703.696594
901.539917 750.048523 1154.740723 703.720337
417.360107 723.403259 407.597137 833.501770
1216.209839 1123.453003 1345.412476 789.490051
1264.307007 1132.222900 301.400787 1099.932983
867.752136 839.704651 1528.725830 1134.123901
345.733459 829.086914 877.996887 727.456787
747.115784 827.858582 598.180847 800.639893
413.573303 854.925659 697.539856 791.855469
345.733459 829.086914 877.996887 727.456787
654.939331 169.362320 1368.067749 244.476730
318.342041 722.782776 193.309799 801.993958
1540.237671 861.369690 1485.019775 207.030121
808.623413 858.558594 454.520844 812.675476
505.410278 814.129700 489.502380 815.113342
664.720398 172.747147 1377.559692 242.031830
1179.477417 1170.452393 295.942108 1136.606934
577.446899 186.675034 878.261353 302.171997
396.732452 243.158920 1477.222900 702.198792
908.653992 843.912231 9.293485 806.579285
1369.833618 727.162842 486.488007 692.451660
1244.912598 782.300354 363.267090 744.473938
867.752136 839.704651 1528.725830 1134.123901
66.427696 291.042419 729.214661 112.482285
515.170959 216.347427 585.468506 697.488403
1182.244507 876.004822 789.201782 278.189392
1268.235229 1131.977051 313.006927 1191.960083
878.758057 549.946472 1299.557129 783.046448
149.105255 741.183289 1299.186157 230.529648
1264.307007 1132.222900 301.400787 1099.932983
1353.919312 724.001343 1454.450317 679.336243
96.219017 721.996582 1068.525391 684.069641
1142.435059 871.537964 346.696564 818.257446
252.659561 773.930847 351.105408 699.256042
1126.687866 769.330750 1454.450317 679.336243
987.574951 732.683838 99.199959 689.198059
1027.546753 745.864929 1356.544800 1080.382324
485.644073 844.589294 1077.654175 679.683044
1268.235229 1131.977051 313.006927 1191.960083
1142.435059 871.537964 346.696564 818.257446
1549.704102 723.364990 655.161499 691.564148
1153.288818 1136.046875 192.446075 1109.840454
229.739120 748.367432 610.738037 702.534607
836.320251 229.238144 1335.080688 235.493866
1157.529785 1176.505371 275.255341 1142.880127
866.656433 20.270658 401.699249 826.021851
1208.202026 850.878296 326.076141 812.962280
938.880737 854.875183 747.657410 785.977417
1592.052979 719.650024 531.328308 1152.846069
1592.052979 719.650024 531.328308 1152.846069
491.147766 581.502869 447.905304 751.719971
1118.958618 752.953491 1299.557129 783.046448
61.734665 292.231964 1321.764282 226.577118
1435.998291 1151.778442 544.320068 1099.369629
227.912521 750.286743 285.924622 813.470642
655.042725 808.651550 1070.254883 802.111328
1160.819458 746.958862 435.277649 1180.621094
877.016296 15.768487 1353.161011 241.653763
589.733276 768.565430 1158.917725 1149.536377
1560.207764 53.902592 1018.838562 683.877136
907.374268 877.937561 8.121255 842.445984
536.293091 292.813446 1377.559692 242.031830
907.374268 877.937561 8.121255 842.445984
1234.547241 783.601563 351.713196 745.081909
489.648407 725.833923 697.539856 791.855469
723.001038 878.070068 534.139526 831.464050
858.728516 778.877380 232.659851 1137.649170
1501.071411 855.215942 607.580200 816.576416
1384.924805 759.633972 1133.312866 1152.859863
1296.057861 750.901733 412.738739 713.409058
274.393158 869.350098 126.143745 823.895020
1269.397827 1134.893433 306.174530 1102.255615
64.797638 873.946716 96.628319 684.501892
1084.525635 775.113281 778.114685 708.177673
826.669250 70.826721 115.712814 828.325439
1194.540039 773.383179 312.567139 734.351807
389.937531 777.808838 1309.019043 527.996399
465.794434 268.138245 1581.095947 1116.746338
671.549194 725.149780 1294.443970 1154.490723
1439.267578 718.825439 552.892273 684.870605
1328.587769 300.093872 1133.106689 1093.031982
907.374268 877.937561 8.121255 842.445984
1287.698730 1142.432617 326.294342 1108.932739
22.161898 742.341125 757.377563 815.895386
655.752747 841.336731 309.936188 797.641663
82.253761 725.445129 1255.961182 763.095154
1092.610474 788.782471 208.399384 748.870911
1084.525635 775.113281 778.114685 708.177673
1556.856812 769.228699 660.662964 735.117432
22.161898 742.341125 757.377563 815.895386
1237.553589 805.644104 354.747559 767.042664
1043.528320 556.586060 494.322510 806.673828
1314.734863 873.648071 430.822693 835.174622
991.917297 729.018616 114.869766 685.113342
976.266113 862.966309 84.938301 825.623657
1050.884888 733.199463 163.810501 690.229065
579.072754 205.866882 262.459015 1154.315063
980.756165 855.571533 1496.308472 765.067627
527.411682 834.454712 7.793754 822.726318
465.794434 268.138245 1581.095947 1116.746338
1566.240112 713.222473 670.113770 682.306702
1049.081909 756.831787 164.087021 715.458923
833.285156 883.666016 458.357605 829.982971
1356.609375 729.712341 473.892822 693.788391
282.886658 888.293030 458.357605 829.982971
1367.475952 1184.504150 633.787842 790.293579
1185.872314 838.966187 303.146576 800.503052
1367.475952 1184.504150 633.787842 790.293579
538.023987 298.578888 427.619720 277.989990
1177.831421 857.351501 294.760864 818.939758
438.207336 726.880737 1229.367065 820.452576
825.717041 125.880653 689.007935 1167.447388
415.872559 810.668640 1513.912109 775.737976
1200.055420 825.767944 316.977570 787.655823
648.953613 742.817444 376.637909 777.256348
749.797302 785.267273 1221.058594 769.944458
1274.063354 859.873169 391.322083 821.885071
1097.103516 1140.657959 122.959534 1121.049072
538.023987 298.578888 427.619720 277.989990
1582.094971 869.152344 680.766785 829.314026
633.994995 224.282654 1410.969727 1152.201782
678.298828 884.068115 1229.712891 793.505981
605.132080 811.521362 456.178925 715.620056
359.074554 758.066772 1541.729126 720.507385
1097.979004 877.184692 156.719147 816.404907
1508.853027 865.498657 614.403931 826.290894
649.655701 766.863037 481.029388 746.868408
1584.525391 796.044312 177.278214 815.198853
1237.553589 805.644104 354.747559 767.042664
194.772873 728.026611 1263.570801 693.545471
1153.380127 736.266113 271.490509 696.466492
1021.177124 293.332031 1573.273560 776.494690
178.083618 800.067688 1540.447144 1178.735107
1261.445557 859.287354 117.128815 841.977783
825.717041 125.880653 689.007935 1167.447388
1123.267456 741.707397 240.852890 700.828369
1231.353516 773.934204 175.223251 1138.684937
600.333313 845.838318 1018.063904 791.217285
811.892822 864.147522 122.712051 794.439575
1185.718994 831.078979 1365.084473 1081.887695
649.655701 766.863037 481.029388 746.868408
1190.226685 799.042297 933.302795 731.483765
193.443008 776.906799 244.450439 1093.718018
824.436035 829.832153 135.640778 760.846130
1209.255859 787.009888 326.913879 748.488647
1483.004517 864.241455 590.064209 825.000122
1135.541260 760.336243 253.109329 720.580261
220.806351 738.474731 1229.367065 820.452576
990.146973 757.032837 101.878273 714.881958
1209.075439 1154.843262 244.039871 1127.879517
1584.525391 796.044312 177.278214 815.198853
1174.013428 1126.970215 206.193802 1100.015503
1213.741821 739.093689 332.497253 700.141235
673.293640 882.246704 753.707458 759.515320
1302.537476 820.936035 419.328430 783.163452
1502.443481 699.412476 411.879547 656.263672
457.866486 799.565308 266.006927 792.273071
1194.951050 92.796761 281.571136 778.388550
92.284019 418.386200 501.919464 817.714355
1252.278320 852.951843 368.685150 814.473328
1261.445557 859.287354 117.128815 841.977783
954.414612 826.811340 289.562500 1153.380371
1270.246704 737.224121 388.787537 699.690063
1422.784546 734.939148 537.791260 700.403015
1502.599243 865.790771 608.911926 826.373535
1251.411011 1120.813232 487.732513 657.225159
1042.657959 775.372375 156.680435 734.410950
515.608215 871.227783 1513.912109 775.737976
23.196682 873.377563 1270.097534 795.717773
936.195374 806.681946 41.592609 766.577637
335.596771 855.390930 826.382263 783.761353
133.195618 810.653320 201.589005 822.868164
778.801941 131.024200 197.544769 780.682861
1542.919800 694.525085 650.221252 664.779236
914.442627 876.647827 1158.917725 1149.536377
1167.484131 1178.859863 284.401581 1144.297119
922.825867 865.480652 302.153900 814.730225
1484.350708 827.406921 592.280090 790.275024
778.801941 131.024200 197.544769 780.682861
914.442627 876.647827 1158.917725 1149.536377
1175.705322 1160.573120 207.962769 1135.204224
1116.015137 780.028198 1380.384155 1112.977417
1410.472412 708.546448 1454.450317 679.336243
1116.015137 780.028198 1380.384155 1112.977417
764.479736 811.644836 336.648315 796.229858
1170.757690 827.898132 1395.550415 1152.519897
1350.538452 1194.238525 465.559082 1145.883423
534.274414 299.903290 1329.139893 1147.116577
1414.116455 1157.410522 85.395660 746.998291
1119.795410 785.072876 236.495209 745.275208
1559.484253 831.919006 660.975647 793.920166
1145.137451 1187.147217 262.459015 1154.315063
1062.920898 746.034790 177.767502 704.213074
448.912933 863.467407 362.663452 830.849060
917.525757 741.157471 22.471855 697.033813
1445.073364 711.643982 558.415100 678.495605
712.509888 186.437881 1218.761230 783.354492
829.091187 842.257690 1372.427612 758.740662
940.450684 735.897949 48.366161 691.735107
1060.121582 858.809509 173.832718 820.222778
717.421326 720.449890 1229.367065 820.452576
1483.004517 864.241455 590.064209 825.000122
1060.121582 858.809509 173.832718 820.222778
365.632629 600.534668 560.199402 1150.774292
149.954010 799.404663 774.471619 59.856480
1194.951050 92.796761 281.571136 778.388550
1434.903687 742.625427 547.827759 708.168579
1417.637573 841.961365 1532.279785 772.312622
1464.427734 1157.368286 571.025818 1102.761230
712.509888 186.437881 1218.761230 783.354492
1341.187378 774.289429 456.646912 737.607788
910.235107 823.840759 11.656048 785.062378
1229.547485 831.273865 1183.174927 741.372681
647.782959 256.429718 1496.308472 765.067627
1405.586670 694.089661 1533.879272 655.228455
1220.222900 874.678650 337.323029 836.288452
1557.354736 814.779724 659.126587 779.035522
69.266151 890.514038 398.043732 683.752747
1312.532471 477.639496 438.102905 443.885895
40.758934 851.032532 1174.019409 1070.021118
1488.039673 846.104980 595.961792 808.072510
1525.199951 800.100952 630.673218 763.946533
279.247559 873.516235 806.295654 699.090088
1398.864380 1187.963135 1168.185791 1102.296265
1533.796265 721.774902 641.033020 689.916138
1417.637573 841.961365 1532.279785 772.312622
8.128690 849.187500 1186.422241 1053.450439
1125.782471 358.012604 256.567444 309.773193
1015.731689 857.940613 126.980095 820.122314
647.782959 256.429718 1496.308472 765.067627
1180.521362 773.728271 298.409607 734.533630
1552.225586 849.728760 653.806946 811.078552
1178.958618 767.275818 297.313049 727.812500
1341.187378 774.289429 456.646912 737.607788
1324.621582 754.101685 442.237274 717.805237
262.277252 862.267151 888.201111 745.814392
1313.797607 837.342163 429.986389 799.113403
1075.611572 769.965149 191.438751 729.268066
984.157349 541.844788 99.000885 489.703400
379.183258 265.901703 711.152832 382.121490
1030.165161 875.777649 142.546280 838.143738
991.245361 844.462280 100.994408 806.084595
149.954010 799.404663 774.471619 59.856480
984.157349 541.844788 99.000885 489.703400
751.510437 847.054077 534.883484 808.081787
1165.959961 1188.757202 510.882751 1155.012939
1146.289063 741.467102 264.450653 701.487244
1166.481812 822.108154 283.674011 783.271851
1233.566650 819.763733 350.760193 781.290955
469.267181 327.664185 184.086624 739.368591
846.676270 824.173340 1365.575195 729.722717
1587.705322 791.203186 686.833557 756.183960
57.092632 849.392822 569.641541 1177.326294
1524.683838 829.783142 629.822266 792.086670
1542.030151 777.368652 135.640778 760.846130
158.168533 889.158386 870.395325 678.290771
1165.959961 1188.757202 510.882751 1155.012939
1101.471069 1138.692749 518.334412 1175.769165
985.247986 728.130737 96.628319 684.501892
244.328079 839.458191 1585.081055 770.100586
846.676270 824.173340 1365.575195 729.722717
1406.574951 1173.304077 7.288002 838.355835
1143.407104 1137.678711 172.828003 1113.497681
1142.862549 765.626709 260.884155 725.625305
102.491882 753.532532 1337.509766 763.349792
102.491882 753.532532 1337.509766 763.349792
451.916290 198.313171 842.698608 783.294800
885.874451 882.101013 40.021900 541.906128
1260.050171 775.474854 377.749146 737.437012
1417.183350 864.354187 260.589478 779.456970
1105.005371 802.651001 220.883316 763.264526
1155.098633 771.336548 273.376770 731.600281
1159.448364 768.673157 277.475861 728.952515
1041.260254 705.088562 155.766464 661.927429
938.287292 703.709045 46.322750 657.743469
656.726685 884.434265 308.028961 839.752319
1089.496460 867.916565 204.223877 829.882507
1402.062500 780.997986 515.770569 744.868347
1377.197021 858.721313 489.780365 1144.674683
1156.125000 861.094116 273.608124 822.473572
707.987976 816.355042 1513.912109 775.737976
1422.711060 845.818176 534.582642 808.056458
225.883865 722.375183 958.001709 676.931213
1526.782227 830.555542 631.997009 793.413635
1180.835327 1124.340576 213.699783 1096.944458
1220.140381 840.761475 336.957092 802.299561
1368.784058 860.399719 482.655212 822.184998
546.738525 722.874634 1169.561401 681.923401
931.627075 819.228210 36.604584 779.844055
1232.372681 737.745972 351.105408 699.256042
1417.183350 864.354187 260.589478 779.456970
340.528503 429.381378 416.098206 93.093758
1200.121582 1117.391846 233.987930 1088.478638
1265.252441 745.170715 383.843048 707.796570
1529.600708 827.637329 633.787842 790.293579
957.783997 787.922485 65.783134 746.306824
64.735168 833.110168 326.817566 771.610901
363.542969 859.942078 120.829773 801.723938
1493.535889 813.994202 601.489197 777.609924
1342.778687 782.381592 614.506348 1188.757813
469.267181 327.664185 184.086624 739.368591
337.628418 755.146118 1496.308472 765.067627
1178.961670 1129.349609 211.759125 1101.850220
595.519104 886.281189 792.400452 693.175354
1178.961670 1129.349609 211.759125 1101.850220
1177.602295 872.175781 294.345520 834.149658
159.204788 836.206299 311.110504 780.034668
1101.586304 861.352966 216.863968 823.190186
1118.351440 1131.277832 146.561646 1108.424927
876.466919 489.728088 1141.032715 1179.148193
1110.272949 880.387024 225.956543 842.604309
1458.020264 755.148621 569.443054 720.646240
342.196777 887.022095 458.357605 829.982971
1355.508545 750.137573 471.705658 714.155457
1407.243042 776.003052 521.344055 739.530029
1142.862549 765.626709 260.884155 725.625305
363.542969 859.942078 120.829773 801.723938
1021.665222 865.404541 133.116165 827.938904
1342.778687 782.381592 614.506348 1188.757813
1318.747925 836.723328 434.675323 798.448975
1508.472534 861.283264 614.402039 822.195557
1466.795654 527.071228 583.485962 500.352234
962.069702 816.455017 69.638069 776.440247
1169.629639 862.674500 286.150452 824.429993
668.525757 525.805969 1527.032471 762.815430
917.711304 748.843689 22.754730 704.726563
1011.240601 833.438416 122.712051 794.439575
469.267181 327.664185 184.086624 739.368591
64.735168 833.110168 326.817566 771.610901
1246.918579 560.592102 368.606323 522.818420
841.402832 836.437378 524.273560 1118.112793
1237.209351 841.016113 354.216797 802.656677
496.630676 731.958435 1474.614746 1125.671143
601.425232 754.490173 1155.575317 749.436462
1159.792969 1137.261841 190.534576 1111.883667
1344.682373 740.755432 461.519135 704.426819
1468.020996 830.949707 577.256775 793.452026
59.408447 726.735107 436.158997 757.998047
1455.175049 801.404114 566.163147 765.064392
1190.021118 1171.763184 917.153320 777.993286
1169.375977 877.156128 285.773224 839.104126
481.205597 812.587952 1472.842163 766.599854
1377.197021 858.721313 489.780365 1144.674683
963.654785 785.220886 71.831032 743.839355
59.408447 726.735107 436.158997 757.998047
1380.706055 829.827759 494.723450 792.142517
1005.250732 875.524719 115.755386 838.239563
1087.870605 836.494873 203.216553 797.875916
1524.176270 719.612854 632.305542 687.663086
1150.342407 879.026855 266.691498 840.825195
220.206619 722.403503 958.001709 676.931213
907.223999 859.057495 7.793754 822.726318
1002.446655 824.861450 113.294937 785.579895
1418.742798 869.146912 530.520630 830.521729
1096.147339 834.260864 211.559418 794.980835
1455.175049 801.404114 566.163147 765.064392
1083.761597 769.873291 200.110947 729.096558
1078.186646 742.280579 195.064056 700.985596
496.630676 731.958435 1474.614746 1125.671143
1138.782349 875.704834 254.873001 837.617676
924.821960 855.617615 27.873648 818.762024
1172.952026 812.978821 290.032257 774.394958
601.425232 754.490173 1155.575317 749.436462
1167.907471 1136.379883 199.224503 1110.351929
841.402832 836.437378 524.273560 1118.112793
982.788818 864.339661 91.394630 827.314819
924.235107 862.548401 766.258484 748.047180
1196.882813 1124.717529 230.250259 1096.041382
1285.149902 851.151367 401.399261 812.423889
1540.520020 514.712036 652.444214 492.328552
496.630676 731.958435 1474.614746 1125.671143
982.788818 864.339661 91.394630 827.314819
1139.592773 830.878357 256.273468 791.794189
1541.797974 844.140625 1483.055176 1159.916016
1478.948242 731.612549 589.623108 698.139099
1041.674927 851.712830 155.006393 813.907532
1189.935913 1127.876709 223.054230 1100.017212
551.987976 721.326233 1169.561401 681.923401
817.460510 881.514526 717.191284 796.559753
827.475586 791.034058 968.796875 534.968933
1020.664124 784.743591 133.743683 744.013489
668.525757 525.805969 1527.032471 762.815430
179.099854 486.563416 1340.313843 1068.661011
152.907501 784.196960 758.605225 804.550171
1360.906982 842.936646 475.636444 805.186768
1361.772827 832.034363 476.197235 794.438782
1485.912964 820.088745 594.039612 783.165222
294.731384 580.813904 150.420547 443.607513
1224.123535 765.180115 342.188660 726.577759
1051.721558 748.129272 166.697617 706.974426
903.578186 834.226501 1361.925903 764.203125
1026.231323 709.060242 374.647400 707.324768
1208.738403 742.489746 327.527161 703.585754
1229.254883 874.225952 345.572723 835.320557
1399.019043 849.161133 511.894440 811.044495
1023.277710 771.481323 136.414276 729.678833
1042.907959 800.314697 156.538239 760.325378
1155.206665 87.121307 299.969666 31.978516
1469.711182 827.381897 579.087402 790.313232
179.099854 486.563416 1340.313843 1068.661011
1281.852173 766.498962 400.713013 728.448975
1181.606201 868.080139 298.276978 830.061951
1128.893188 779.872009 246.499710 739.976135
1556.865479 755.327698 660.848206 721.829224
1076.487183 773.302185 192.769577 732.570740
1413.131470 762.451904 526.757019 726.912903
1066.627930 844.882385 180.684067 805.985229
1034.815552 879.785156 147.286392 842.252441
1432.248901 819.153809 544.379272 781.786560
1169.693726 1176.688721 287.481934 1141.913452
1247.093994 858.230042 1096.487183 752.709473
1207.491577 835.991272 324.399567 797.368408
1529.600708 827.637329 633.787842 790.293579
1453.386963 772.043396 564.713318 736.959595
1221.053589 808.227905 338.137421 769.482361
1493.810791 825.168518 601.550720 788.005249
1206.809692 859.576477 323.807373 821.101257
1259.326416 873.667480 375.740051 835.135986
1081.579712 731.926697 198.727219 690.184753
1405.636841 821.450684 518.228882 783.472412
1292.468384 850.582397 408.872681 812.394104
971.380920 730.449158 82.410828 686.260803
1475.322754 830.492737 583.840332 793.643860
1432.166382 801.619995 544.239990 765.006470
1097.299683 828.860474 212.509064 790.000671
1336.572144 859.277466 451.748413 820.889954
320.160370 865.248962 469.755005 803.294006
1017.458374 827.581909 129.656860 787.823547
1208.738403 742.489746 327.527161 703.585754
1185.308350 1121.221436 217.665222 1093.432373
1163.128052 790.539246 280.077606 751.196045
1166.641357 1147.734985 197.719543 1122.212524
1149.720459 831.242737 266.006927 792.273071
1015.132202 823.587952 126.647491 784.118896
1540.520020 514.712036 652.444214 492.328552
1130.707397 789.400696 247.607300 749.830322
1180.034546 820.394836 297.255341 781.483704
1053.103149 819.420105 166.649155 779.781067
1209.496460 1162.036987 244.433228 1134.538330
1393.757446 810.588684 507.449768 773.635620
1321.596191 860.495117 437.346649 822.287842
1050.341919 782.229004 1199.779297 1131.479492
1247.093994 858.230042 1096.487183 752.709473
1207.294067 600.789429 328.439453 561.027405
974.182739 856.501160 82.140976 818.290100
1050.341919 782.229004 1199.779297 1131.479492
1203.764893 1129.765137 237.492203 1100.687866
1209.277222 1123.222168 244.450439 1093.718018
1143.949951 818.523132 260.589478 779.456970
1298.874268 843.849609 414.965607 805.723267
1401.222656 843.657104 513.834839 806.029114
1560.369141 774.366455 663.515198 739.637573
1343.654175 868.400574 458.357605 829.982971
980.807678 877.036682 88.584785 840.234802
912.040161 859.631042 12.942085 823.800110
1269.875000 830.855347 386.675568 792.503418
1084.279053 865.582642 198.860855 827.370239
1356.143677 866.719543 470.502625 828.350586
1361.953247 740.209717 478.284332 704.720337
1335.975830 297.789459 469.875031 266.798096
1390.796631 840.744324 504.059448 802.986389
1281.942505 866.133667 398.493317 827.603882
990.371216 851.390686 100.183907 813.244080
1429.904663 708.408325 544.072876 674.832520
1350.329224 871.846436 464.183197 833.040039
1113.949951 787.218567 230.671005 747.174683
1115.688232 769.454651 232.783905 729.060974
1179.741333 803.450317 296.820099 764.579712
1216.834473 846.343323 333.456573 808.272705
1047.678223 879.902161 160.912125 842.488708
1207.651489 830.084229 324.747162 791.914917
1180.034546 820.394836 297.255341 781.483704
1142.176270 836.536926 258.864471 797.739136
1355.963135 805.270630 470.935028 767.869751
1379.011230 866.827087 492.614777 828.225220
1546.612427 767.143738 651.198669 733.183777
1340.133179 821.740540 455.565643 784.279541
1438.931396 856.226440 550.065857 817.712158
1115.890991 802.927734 232.198486 763.234863
1165.500366 89.899567 1252.158936 1184.195557
1011.853699 845.093689 122.777031 806.581482
1091.878052 748.105103 208.509521 707.060791
1370.901123 841.928406 485.082184 804.031189
1009.954163 840.411499 120.829773 801.723938
1198.836914 1130.239258 232.161087 1101.853516
1084.279053 865.582642 198.860855 827.370239
1284.227783 310.704285 417.525848 274.770203
1277.264038 744.367126 395.537964 706.539001
1487.184570 770.500427 596.755737 735.924805
1492.791260 824.539917 600.944641 787.244263
1160.342651 1147.797974 191.486496 1122.735107
1187.489502 751.014099 306.040222 711.750427
1058.509399 769.541931 173.801804 728.608398
1223.860474 1133.158936 258.316803 1103.400757
1489.311523 753.749573 599.129700 719.812439
1464.906494 754.255188 575.557617 719.695923
1028.195923 879.940491 140.349548 842.847351
1565.566528 853.431702 665.807190 814.361755
936.044800 844.412598 40.555573 806.611755
1298.874268 843.849609 414.965607 805.723267
1445.145020 755.626953 557.459961 720.932251
1373.853027 827.254272 488.339844 789.750244
1020.867249 872.345825 132.582199 835.173767
1473.502319 776.277588 583.610901 740.899170
997.900452 751.760559 109.879593 709.349365
1279.090942 753.240601 397.272186 715.847778
1199.725464 730.093750 318.455566 690.743469
1332.536499 851.113953 447.828827 812.936707
1009.317810 864.233093 119.950157 826.259705
1331.671631 746.432861 448.840057 709.926453
1555.804077 864.109924 656.785828 824.637329
1078.443726 468.460999 201.928009 418.713562
939.672913 839.827209 44.934734 801.326721
1192.127319 1136.197144 225.486404 1108.678833
997.900452 751.760559 109.879593 709.349365
1251.732300 827.776184 367.703217 789.327332
1533.727417 755.583008 639.395935 722.071472
1388.797485 856.293335 501.919464 817.714355
1206.030762 736.154358 1340.313843 1068.661011
1087.803101 760.562317 203.721771 719.828613
1068.104248 871.765259 182.305954 833.836243
1016.397156 702.726990 129.671371 658.682251
1413.528320 1170.026245 524.273560 1118.112793
596.301025 764.102234 150.420547 443.607513
1056.620239 873.498779 170.088715 835.780518
1084.299561 859.275024 199.139267 820.747070
1430.530029 865.472412 541.455261 826.633545
1492.791260 824.539917 600.944641 787.244263
947.618652 811.542603 54.121552 771.636108
1267.467529 862.823120 383.585419 824.595337
1081.879395 870.699402 196.339722 832.682617
1194.558350 842.774292 311.522217 804.240906
1487.184570 770.500427 596.755737 735.924805
1230.021606 1144.395386 265.375519 1114.339478
1067.707275 827.957642 181.855026 788.715942
1506.990723 778.905334 614.263977 744.028564
1557.505371 800.248657 659.689453 764.389282
1136.493896 843.773010 252.942184 804.789063
1043.750488 854.931763 156.719147 816.404907
925.489807 821.911743 29.172115 782.631775
1473.502319 776.277588 583.610901 740.899170
1430.042725 740.933044 543.556396 706.327881
1123.883423 780.908752 241.078766 741.336060
1245.956421 750.003113 364.449921 711.849304
1000.140991 872.804321 109.875267 835.875793
1142.176270 836.536926 258.864471 797.739136
1320.948120 728.935425 438.745087 692.625854
1279.888916 834.006836 396.539185 795.827393
1005.536438 841.789673 116.412910 803.014221
1270.632935 845.003235 387.540894 806.697815
1083.540894 823.946167 198.557678 784.473083
1060.665649 798.815491 175.709259 758.591492
1378.283813 841.734558 492.512299 803.982605
1102.231445 877.755371 217.531067 839.833191
1276.352173 784.757813 393.741241 746.964722
914.028503 867.512207 15.449302 831.165466
1067.622803 784.417847 182.874527 744.076904
1085.316040 878.148682 199.922195 840.382141
1036.928833 751.542480 151.589615 709.485107
1042.256104 829.202026 155.419403 789.917786
914.028503 867.512207 15.449302 831.165466
1142.006714 801.914368 258.960236 762.409424
1206.030762 736.154358 1340.313843 1068.661011
1294.669067 312.047852 427.619720 277.989990
1097.775024 741.298523 214.954163 700.190552
1242.351440 804.698975 359.685089 766.264038
1061.052612 826.295959 175.343872 787.138367
1077.964478 815.692444 193.048950 776.314941
961.522888 835.624146 68.200043 797.140381
1175.751953 753.155029 293.934509 713.691895
1594.581543 863.835083 766.832703 821.428833
1067.075317 851.633179 181.213730 813.192383
950.098022 879.831604 55.683643 843.942017
1011.507874 836.931641 122.916252 798.307983
1490.670776 838.575256 598.180847 800.639893
1139.735352 793.112976 256.978149 753.519714
1048.959473 863.800110 162.210846 825.817566
1059.201782 850.742004 173.088531 812.372742
1271.647705 831.629883 388.349976 793.422302
1190.850098 1146.520142 259.865662 1114.966064
985.914917 854.169739 94.976196 816.318787
1322.238403 813.953674 438.214111 776.307251
1378.192627 735.286377 494.257538 699.847107
967.343811 880.774109 74.366272 844.541199
1145.285400 760.440002 263.148590 720.432068
1467.202026 860.969727 576.340088 822.584229
931.822632 814.736572 36.641186 775.570007
940.619751 852.654480 45.075066 814.882629
1231.854004 846.321716 349.082916 807.782898
931.822632 814.736572 36.641186 775.570007
1239.828491 866.665649 356.730499 828.520264
1143.855957 858.349060 260.158112 820.052979
1580.902710 794.359619 681.385437 758.969727
1425.301147 830.130249 537.256836 792.475281
1453.571777 866.605164 563.430237 827.653809
1131.972778 881.356018 248.672592 843.981750
1105.536621 869.129639 221.246841 830.958618
1407.165283 499.832397 528.853271 470.261749
1427.006714 838.586731 538.547180 800.683533
1453.571777 866.605164 563.430237 827.653809
943.969238 790.335144 50.110180 749.010559
1386.682739 847.536743 500.062622 809.278381
1470.682495 852.994507 579.499634 814.476135
1470.682495 852.994507 579.499634 814.476135
1193.035645 836.275085 309.936188 797.641663
1175.828857 1136.721802 207.788712 1110.181152
1478.593994 850.432800 587.137146 812.145020
1222.892334 778.883057 340.768188 740.285645
1322.238403 813.953674 438.214111 776.307251
1369.984985 779.788086 485.222290 743.129700
1242.156250 837.100891 358.800018 798.447815
1036.126343 775.495361 150.082443 734.566833
1197.586060 1143.321289 231.130112 1115.450439
1573.225586 794.078796 674.082153 758.560547
1222.892334 778.883057 340.768188 740.285645
1263.987915 855.312195 380.569031 816.988831
1488.321533 861.653809 596.071045 822.934998
947.273132 808.020325 54.198822 767.873596
1126.262817 865.698853 242.052765 827.587463
1488.321533 861.653809 596.071045 822.934998
938.829346 860.986633 43.335629 823.818481
1072.925537 864.834106 187.145233 826.676514
985.778503 794.840088 96.683159 753.838135
1432.338623 770.384460 544.881409 735.464783
1045.382202 871.325500 157.953796 833.641113
1246.533936 844.468445 363.436890 806.033997
1488.301270 780.920349 597.775269 745.620483
1202.256836 875.602600 318.770294 837.341980
1197.586060 1143.321289 231.130112 1115.450439
985.778503 794.840088 96.683159 753.838135
1490.949463 734.148438 601.438416 700.821045
1180.305664 842.787415 297.375275 804.188354
1263.987915 855.312195 380.569031 816.988831
1153.398560 875.901917 269.864838 837.651733
954.668945 801.986877 62.168053 761.235168
1192.808228 812.332214 310.236450 773.492920
1549.515991 822.000122 652.228882 784.936462
1230.156494 752.671631 348.484070 714.379761
1394.418335 838.990723 507.643066 801.191040
1068.444946 780.082092 184.086624 739.368591
1565.757813 862.213623 665.529846 822.689941
1444.908325 833.590881 555.971741 795.633118
1210.304565 867.849304 327.049103 829.290771
1418.537598 820.330322 531.175781 782.981689
1185.118286 853.313965 302.153900 814.730225
1219.394287 863.874146 336.050049 825.389893
1264.524292 753.586365 382.554840 715.981079
1234.893188 853.569153 351.871735 815.070313
1162.750854 844.694519 279.492706 806.214233
1118.890747 880.031860 234.285233 842.005798
1448.448364 849.783813 558.726990 811.811035
928.663086 840.814819 32.586029 802.630493
1466.448975 809.109436 576.180359 772.351990
1210.304565 867.849304 327.049103 829.290771
1230.156494 752.671631 348.484070 714.379761
1319.696777 795.651001 436.158997 757.998047
1565.757813 862.213623 665.529846 822.689941
1050.007690 844.826294 163.437027 806.030029
1256.282471 745.218689 374.647400 707.324768
1448.448364 849.783813 558.726990 811.811035
1077.989258 850.391785 192.848419 811.692993
1012.104736 545.443909 128.470718 495.197632
1192.675903 769.691895 310.879578 730.520813
1192.675903 769.691895 310.879578 730.520813
