705.487671 64.296768 1128.731689 32.222305
195.490463 738.659912 362.642334 787.910522
195.490463 738.659912 362.642334 787.910522
36.641186 775.570007 41.323902 798.407837
1266.955322 201.659119 308.762482 200.019409
39.432983 752.823181 1420.779785 734.889404
166.246231 656.852966 1184.836304 752.405029
1266.955322 201.659119 308.762482 200.019409
1448.464600 1147.521851 283.159058 1193.463501
579.456421 800.064697 790.337097 984.914551
1136.455811 784.517639 1443.413208 856.038452
733.035461 106.008186 1125.142212 32.212990
211.959564 743.058960 996.125854 1138.367432
1353.161011 241.653763 689.204712 933.076111
1387.768677 229.090652 966.120422 227.731140
361.389557 738.638367 1034.820435 1109.562256
434.263000 1156.710083 603.078491 1028.399780
461.366241 1134.553589 1395.701416 780.179504
1082.166992 708.468506 94.067451 705.917053
1136.455811 784.517639 1443.413208 856.038452
627.583008 706.439148 52.573288 789.550476
810.956421 739.762451 700.968628 999.371765
1327.888550 796.683899 344.489716 794.983032
294.995911 1123.359497 1486.730225 761.315918
878.261353 302.171997 1552.459961 370.218353
1220.012939 1037.983276 249.641083 1055.843750
1238.107300 759.677368 1581.733521 729.087036
361.389557 738.638367 1034.820435 1109.562256
1238.107300 759.677368 1581.733521 729.087036
1169.214966 702.998657 187.521698 700.494080
1044.123901 149.352936 1374.285034 993.994507
1100.456543 789.689636 814.126709 252.833939
93.526558 837.275146 1462.632690 930.228638
1112.119629 1152.361694 1363.719116 787.648560
1369.044678 769.312195 771.168945 1078.313843
1332.793945 226.703766 116.284172 105.797760
1100.456543 789.689636 814.126709 252.833939
1485.083252 1146.978027 283.159058 1193.463501
1060.253174 131.920013 420.015686 235.954926
1216.443604 712.589172 1279.282715 944.672729
1327.405640 702.252869 344.567444 701.016052
1133.211914 1141.161011 801.224976 945.421997
1171.206543 126.729828 372.712067 232.459854
1114.416260 1169.661987 1389.378052 778.963806
1171.761353 797.798889 1293.207886 1051.814575
305.699432 1169.051392 697.261536 483.159119
207.695023 793.375122 358.434052 1054.363892
1475.519653 1091.561768 489.248993 1075.377808
1121.566040 1161.218506 138.538040 1179.769897
641.217163 778.019043 550.501343 1144.734253
407.597137 833.501770 809.192871 1042.475586
256.543213 788.132446 700.968628 999.371765
1319.587891 1070.419434 340.586456 1067.608643
593.735718 768.757507 647.835388 973.704163
226.854279 712.671814 1392.421509 955.647522
664.167908 8.940879 1049.016968 757.344910
720.347351 100.783455 91.313622 96.339050
721.254211 107.963493 541.803223 1135.621460
1117.777588 1125.247925 132.474777 1141.506470
688.421204 83.192085 877.224976 277.138245
1118.165283 1162.916260 801.224976 945.421997
1088.837280 679.566833 108.729134 675.623413
664.167908 8.940879 1049.016968 757.344910
648.313721 793.632751 829.621216 993.643311
178.641708 744.477905 488.751343 702.300415
565.783630 1108.709961 966.120422 227.731140
1247.986572 1167.689819 273.115356 1170.745483
199.922195 840.382141 211.269485 1180.119507
1319.856934 1091.761230 342.249542 1088.692871
593.735718 768.757507 647.835388 973.704163
474.093872 805.441772 822.923523 1053.284668
1121.566040 1161.218506 138.538040 1179.769897
845.036560 1094.278931 1298.453003 1126.022095
256.543213 788.132446 700.968628 999.371765
283.674011 783.271851 1434.075439 899.232727
220.883316 763.264526 297.011566 749.930603
420.798523 765.243530 698.395020 552.226440
224.337524 1119.136108 476.301636 676.124634
897.962158 681.371399 1239.669922 991.828857
440.678955 776.755737 1284.370361 1166.435913
700.769470 536.182129 715.683533 985.403748
259.865662 1114.966064 476.301636 676.124634
1192.137817 1061.457764 1365.585693 732.962402
1567.813843 669.133484 526.669189 675.056702
1047.803345 800.454407 55.833008 802.598816
420.798523 765.243530 698.395020 552.226440
633.787842 790.293579 747.944641 1133.676270
351.104675 1098.375977 965.706787 1158.189941
845.036560 1094.278931 1298.453003 1126.022095
665.150330 16.716774 410.104004 253.412491
67.207825 822.557922 1434.075439 899.232727
474.093872 805.441772 822.923523 1053.284668
116.412910 803.014221 1203.953125 1177.160156
1559.180786 1165.137329 565.192139 1135.110840
1442.154419 671.152710 1251.778442 836.308716
230.993622 1118.380371 476.301636 676.124634
1471.550171 1161.216064 821.314331 244.713593
1336.005981 1121.323730 358.364777 1115.994751
705.908142 812.864136 1445.727295 971.714050
416.427979 757.323730 1201.563965 876.451233
689.333069 46.098362 91.313622 96.339050
665.150330 16.716774 410.104004 253.412491
1294.711914 1125.392822 317.906342 1123.503784
877.996887 727.456787 1331.810913 388.002228
1571.942627 1109.624634 575.553833 1083.879639
1110.257690 712.994263 124.134911 710.885071
633.270325 811.906921 657.226807 1001.929932
74.366272 844.541199 1390.971069 1019.333923
1486.756226 1128.454468 500.215393 1109.678345
688.421204 83.192085 877.224976 277.138245
1321.764282 226.577118 249.641083 1055.843750
1317.687134 1091.597290 887.235779 910.682373
689.333069 46.098362 91.313622 96.339050
1450.405762 223.055222 410.104004 253.412491
1439.024170 214.502472 470.036835 227.655991
1448.750732 1124.947998 464.773315 1109.803955
1110.456665 1138.482056 1597.488647 1150.531738
1471.483032 1106.470093 800.621826 731.314392
1317.687134 1091.597290 887.235779 910.682373
1126.756592 679.440308 142.180664 676.394775
1294.711914 1125.392822 317.906342 1123.503784
577.488464 1099.395142 35.222759 784.486389
363.267090 744.473938 1445.897095 1028.100464
1145.856323 1052.138672 162.902985 1061.732178
1359.686401 1186.739502 382.988892 1176.960205
920.175964 789.551697 1217.923706 815.685669
1543.918579 1168.034302 551.299683 1140.164795
1307.851440 787.762268 325.292114 786.392090
1084.457031 800.568542 95.961494 801.851868
1210.915527 764.418762 545.358276 262.807831
969.041077 799.986084 811.337280 1014.808533
1233.602051 725.604004 250.724655 724.118225
1483.234741 1127.818726 496.974396 1109.569580
670.321045 547.634827 1564.964966 989.862183
1471.113037 1158.964600 887.235779 910.682373
1328.753296 1124.244873 1563.986816 974.941956
1477.501465 775.642761 488.837494 773.150879
1304.569702 784.892456 322.037659 783.527100
1144.710693 1122.661377 1018.984253 1172.729370
1210.915527 764.418762 545.358276 262.807831
1258.205688 1191.544312 836.733154 912.206726
1254.557617 738.494446 268.113495 736.767700
203.779587 807.302612 1557.832886 855.913757
877.895447 747.426758 35.222759 784.486389
1293.276367 1137.787720 98.663445 731.404846
1581.095947 1116.746338 1258.642334 810.406860
1179.143188 795.788513 195.732727 795.602051
560.427063 796.829651 241.845810 781.524231
160.837387 683.942627 1291.616333 1146.489258
1003.701172 804.354858 1402.433350 1070.916016
1553.388672 1153.347656 1020.447632 1048.006104
1042.373657 799.248169 50.097488 801.755737
424.205597 1174.254395 660.747009 1010.440979
670.321045 547.634827 1564.964966 989.862183
1144.710693 1122.661377 1018.984253 1172.729370
1453.270142 768.179688 465.951599 766.089111
1564.470581 665.469421 570.209229 667.460205
203.779587 807.302612 1557.832886 855.913757
208.509521 707.060791 61.260895 768.593994
1457.694702 1168.481201 474.527985 1149.936279
788.499023 678.577026 139.138153 681.201355
1210.798950 1043.579590 83.856361 144.767105
729.214661 112.482285 440.786530 227.737427
351.764130 681.199951 1418.559326 833.408508
328.965363 1103.288940 720.868225 664.671631
1210.798950 1043.579590 83.856361 144.767105
128.717865 824.763306 708.268738 1045.905396
1422.752930 664.373718 437.619324 665.115173
1102.589355 807.919556 115.648758 809.357971
424.205597 1174.254395 660.747009 1010.440979
495.235535 735.690308 1031.026733 678.307983
1185.783936 715.277405 202.044281 713.545837
1303.921021 1165.472656 1526.592651 902.187927
1453.270142 768.179688 465.951599 766.089111
1545.337280 721.124756 886.285217 1129.943970
1249.037354 1185.682739 273.099091 1188.700684
1330.031128 224.555176 366.774017 227.646423
244.305435 1102.294556 1224.286011 960.063843
333.499420 839.519043 1421.537231 808.467285
1303.921021 1165.472656 1526.592651 902.187927
879.280273 690.171082 1018.984253 1172.729370
534.139526 831.464050 908.291382 1175.047729
519.564941 769.072021 800.886292 1064.109131
1231.904297 1171.344238 255.388367 1175.852417
1103.426758 744.785767 115.893547 744.133545
1062.245117 148.374573 93.801933 116.006546
444.270264 740.426392 773.989685 346.035522
168.351303 791.825562 1362.291382 897.664734
1300.370117 1172.673828 324.890991 1169.778198
408.872681 812.394104 1305.078857 1033.357910
495.235535 735.690308 1031.026733 678.307983
1335.908569 126.855309 374.656982 131.809769
821.330994 739.403748 280.382050 765.871033
1170.315430 791.392090 186.881042 791.496277
1483.925293 769.469299 901.341431 925.896973
1112.991577 1149.102051 128.294952 1167.400635
687.525208 823.660950 1448.112549 833.955078
836.814331 700.850098 383.200745 696.502136
1303.921021 1165.472656 1526.592651 902.187927
244.305435 1102.294556 1224.286011 960.063843
451.528442 805.649658 341.991577 747.484375
687.525208 823.660950 1448.112549 833.955078
395.797058 805.782166 1448.112549 833.955078
1288.329102 1111.867676 310.886200 1110.463867
1020.920959 697.737244 27.217888 694.933533
320.481537 773.375793 148.309448 788.003174
1490.687622 1113.539429 502.732941 1095.115234
821.330994 739.403748 280.382050 765.871033
444.270264 740.426392 773.989685 346.035522
1564.470581 665.469421 570.209229 667.460205
879.280273 690.171082 1018.984253 1172.729370
775.859863 708.367310 1308.933228 864.989197
1051.486450 701.235291 60.369431 698.101807
1450.793213 1192.642090 468.385742 1172.864258
320.481537 773.375793 148.309448 788.003174
1252.988892 1130.337402 275.519470 1132.686035
244.305435 1102.294556 1224.286011 960.063843
1304.898682 1173.302124 328.975403 1170.089844
1061.952881 347.610352 1508.474365 824.763550
136.954712 822.457642 694.333557 1123.073120
104.685509 744.455017 779.561340 1024.633667
1477.501465 775.642761 488.837494 773.150879
1403.567993 1108.456787 422.824554 1097.758789
46.322750 657.743469 877.439758 761.288940
162.210846 825.817566 1542.810059 795.358276
671.905151 1193.599976 663.178711 1069.436646
1399.928467 680.293701 415.072479 680.509033
332.247284 792.313110 1519.187500 1193.152954
358.800018 798.447815 714.175720 727.722534
96.407845 760.992188 1100.590942 991.588623
1097.303955 799.578308 1440.284668 802.954651
1221.058594 769.944458 684.466431 768.877258
836.982117 1093.517822 1494.521118 745.833191
1292.695190 1149.521240 316.474731 1148.173462
287.481934 1141.913452 323.910431 1160.751831
1491.790894 1161.579224 503.891754 1141.044189
451.528442 805.649658 341.991577 747.484375
1495.470093 233.323593 520.710693 251.566772
959.577698 758.001770 1440.284668 802.954651
56.505589 800.266235 709.058838 1068.846680
414.965607 805.723267 1387.459106 1022.708313
1513.912109 775.737976 720.868225 664.671631
1171.867798 778.238098 187.827301 777.900818
1479.696533 707.484985 491.521332 707.540161
1547.117065 651.029663 762.377930 1079.635742
1206.123169 1099.473999 227.267578 1104.938232
1581.229248 1194.734497 208.377823 1124.586670
1222.129883 1160.433350 1141.878174 696.759277
638.338440 1194.213989 546.669861 773.079773
387.540894 806.697815 701.418945 1105.956421
1581.229248 1194.734497 208.377823 1124.586670
1399.547729 424.541138 420.188568 430.213135
630.255554 1185.658203 673.682190 1194.636475
114.869766 685.113342 502.971649 675.786011
357.639832 757.263062 205.450500 1059.642334
1581.229248 1194.734497 208.377823 1124.586670
332.247284 792.313110 1519.187500 1193.152954
328.965363 1103.288940 720.868225 664.671631
1524.512939 215.869598 549.919189 237.915482
210.697296 767.035828 864.409485 941.506226
1329.955200 1132.056396 352.756256 1127.126465
1154.740723 703.720337 170.582550 701.497498
1142.759399 1172.869385 161.729248 1189.563843
939.975952 710.673218 374.913055 271.948456
487.732513 657.225159 266.866272 671.895569
1300.370117 1172.673828 324.890991 1169.778198
210.697296 767.035828 864.409485 941.506226
1236.075439 1177.318359 259.967346 1182.348633
1338.217651 1057.695557 661.375916 1150.910156
1370.559937 243.811340 404.025116 249.587738
816.120605 787.643188 552.327271 1179.784668
1242.622314 1128.950195 265.560516 1132.115479
1168.870239 1087.840088 1243.125366 846.134949
1106.400024 284.683197 130.390671 265.273224
1162.556885 703.730103 179.812469 701.270996
1232.830566 796.318359 250.202759 795.579956
778.772522 776.210693 685.720337 1016.078064
1008.098755 738.156128 12.163157 737.600464
1224.571777 781.794739 241.845810 781.524231
1502.212280 207.835510 529.589111 227.952240
1363.307983 771.628296 380.298004 770.255554
1577.729736 708.585754 581.357849 708.736206
1323.694946 548.822144 343.819458 548.670349
1385.675415 1181.014771 1409.554443 1046.979004
1213.953003 1028.235718 233.296326 1032.267944
1385.675415 1181.014771 1409.554443 1046.979004
1337.434204 792.760864 354.179901 790.990967
1429.939453 718.814758 18.219534 749.247498
430.019379 708.282837 405.232513 1128.863647
473.892822 693.788391 1410.129028 649.346619
952.748901 676.725220 703.593994 669.636292
1144.977051 1081.241699 162.221191 1092.693481
82.396675 762.042053 922.484009 1163.469116
723.243347 783.329468 1308.933228 864.989197
916.931580 756.846558 713.955505 989.994019
1479.998535 1176.365601 236.324417 782.781067
1127.458740 1116.179565 1549.818848 1085.046631
1171.867798 778.238098 187.827301 777.900818
1208.340088 1019.979614 227.315659 1023.462158
1413.196899 1115.832520 431.247833 1105.876343
1411.178345 679.624023 426.410583 679.310364
1432.299683 780.555237 446.017334 778.295715
82.396675 762.042053 922.484009 1163.469116
1357.654297 1159.921753 380.288971 1151.641113
1249.455322 773.833862 266.598328 772.637695
756.655884 1101.022461 92.912422 680.386963
257.868805 678.195740 1542.810059 795.358276
1582.789185 746.168701 585.464172 744.114624
1472.828857 1155.147339 488.148590 1135.375122
1325.846436 766.187683 342.724609 764.574158
135.640778 760.846130 329.062958 1116.525513
1241.500732 1175.158691 265.120178 1179.296143
758.605225 804.550171 339.574158 1118.122437
1159.781860 763.127747 175.150192 762.491150
524.220032 810.293335 18.219534 749.247498
62.081680 799.978271 497.494110 1138.602417
1133.903931 302.484161 160.042618 286.599152
1202.700073 792.048218 219.122131 791.756165
1063.610229 797.265381 73.365410 799.043579
128.045319 830.714355 1308.933228 864.989197
920.309387 772.506897 1105.684814 986.345154
1137.190552 747.533325 151.943665 746.556946
1345.412476 789.490051 362.642334 787.910522
524.220032 810.293335 18.219534 749.247498
1570.079712 557.775452 576.535278 565.580933
169.971222 538.491333 381.144165 732.200500
1207.450317 1027.351318 226.329651 1030.900879
1253.191650 408.783478 278.902435 405.982605
1127.070435 765.823914 140.780396 765.530945
197.263245 764.933838 273.126038 290.267639
232.783905 729.060974 1036.579834 1051.846924
1169.570923 1184.599121 329.062958 1116.525513
1351.638672 709.701050 367.983887 709.074646
476.123627 799.712524 1564.828003 874.832764
722.466125 802.933594 886.285217 1129.943970
197.544769 780.682861 713.955505 989.994019
1521.617065 242.592178 545.358276 262.807831
197.263245 764.933838 273.126038 290.267639
1087.084351 732.935059 98.663445 731.404846
706.198120 123.708443 537.884644 278.020020
1361.326904 1137.093506 1162.471436 1110.754028
1159.781860 763.127747 175.150192 762.491150
1227.268677 746.246216 244.245209 744.910828
201.589005 822.868164 711.420471 997.836609
1231.475220 702.634705 249.199554 701.319580
1472.828857 1155.147339 488.148590 1135.375122
476.123627 799.712524 1564.828003 874.832764
1156.019775 1040.114502 173.055191 1048.430786
1361.326904 1137.093506 1162.471436 1110.754028
1514.650879 260.210571 537.884644 278.020020
707.554382 530.078125 609.702209 1171.968384
275.919373 773.754944 1124.120728 715.363586
476.123627 799.712524 1564.828003 874.832764
1227.341064 1139.317871 250.046448 1144.153320
1174.019409 1070.021118 192.825089 1077.804077
1241.999023 1104.584229 263.801575 1107.409546
1008.249451 783.386902 12.134086 785.492188
1348.047607 84.845123 388.908173 90.773796
476.123627 799.712524 1564.828003 874.832764
1482.360718 1090.874146 464.214539 1080.868896
1295.432983 710.270996 313.965637 708.395935
1482.360718 1090.874146 464.214539 1080.868896
883.615479 777.975647 141.545868 1153.812866
870.395325 678.290771 479.881134 676.386475
1075.580933 806.074097 86.243668 807.999756
1166.375000 679.608154 1419.034790 636.206238
1240.073608 1184.678589 263.889648 1189.102295
1240.494263 705.518188 258.108582 704.164490
1496.308472 765.067627 1555.688110 724.720398
383.583069 774.451111 1429.594727 857.498962
1146.060791 755.271362 161.335999 754.623230
1047.423340 736.132385 55.722282 734.847107
806.295654 699.090088 265.686493 767.342468
1176.196167 786.548279 192.342651 786.329651
1393.931885 769.685242 409.120758 767.962341
1026.908936 800.070740 32.995007 802.954712
1169.561401 681.923401 415.117767 243.247833
1093.230713 719.110657 554.964355 89.615044
1492.304321 1185.285522 505.716095 1161.606323
594.039612 783.165222 1551.833618 958.497803
1184.108276 774.892151 200.109894 774.446594
1491.423340 777.941040 501.662537 775.054810
1175.198975 766.500000 191.241730 765.942139
1081.433350 749.921936 93.277550 749.428589
1237.176270 770.151062 254.396042 769.386108
1366.541626 696.757874 383.200745 696.502136
1497.258911 1180.501831 509.787537 1156.401855
1208.644165 1126.256958 1524.653687 935.941711
1497.258911 1180.501831 509.787537 1156.401855
1263.977051 787.039795 281.492645 785.986145
826.382263 783.761353 708.430359 1114.826660
1078.031738 535.453796 93.195381 525.575378
1152.725098 679.423523 164.933151 676.386902
1222.946899 516.885742 242.913620 512.774536
1250.175781 737.892212 268.113495 736.767700
313.470551 60.445293 1299.377319 1044.972046
548.348267 1138.289917 1221.773438 848.490967
547.266418 1149.525024 325.971466 1135.678223
1115.563354 1155.737061 131.791000 1174.300903
788.182129 712.729553 1207.524902 1075.955688
1374.811035 246.982910 464.214539 1080.868896
548.348267 1138.289917 1221.773438 848.490967
1124.809448 490.578735 143.242950 481.216034
1502.755737 779.976501 512.414917 776.909790
1305.888306 781.963501 323.270081 780.732971
1365.084473 1081.887695 1524.653687 935.941711
1124.809448 490.578735 143.242950 481.216034
1203.862671 1077.548950 223.803452 1083.243774
1170.172119 753.866333 185.713684 752.929871
1241.720581 1157.958252 265.178772 1161.627930
1443.029297 710.704834 456.587738 710.206360
1304.194946 774.143494 321.181427 773.234619
1123.137451 190.494888 156.449829 169.225067
1540.377319 776.575745 546.669861 773.079773
1182.084595 1105.944580 201.886429 1114.765503
1033.841064 742.359436 41.420414 741.555847
1127.906738 1155.998047 145.094849 1172.850708
1400.538452 672.064819 417.789429 672.231201
1261.597534 776.781006 278.763580 775.478333
275.919373 773.754944 1124.120728 715.363586
1374.811035 246.982910 464.214539 1080.868896
1223.716553 1073.731812 243.087448 1077.754150
1227.341064 1139.317871 250.046448 1144.153320
1152.749634 801.423096 167.679398 802.043335
1196.181274 1023.098450 214.720505 1027.391479
1068.525391 684.069641 79.933647 680.405823
1057.899170 720.080505 67.341751 718.044495
1416.640259 712.847717 431.642639 712.554504
1123.137451 190.494888 156.449829 169.225067
1472.842163 766.599854 484.754242 764.417786
1323.415039 778.261719 340.819000 776.929993
1156.423950 796.920349 172.089783 797.142456
1310.432251 1182.897217 335.095764 1179.225342
1254.814941 751.757385 272.488037 750.172668
1240.962158 1117.573853 263.565216 1120.957764
1276.809570 717.813843 294.131042 716.477905
1315.878662 761.575684 333.264648 760.447083
1255.911377 755.146973 273.420990 753.918518
1553.943237 736.846619 559.408569 735.508301
1110.050415 756.843628 123.037369 756.618469
1199.393555 1045.056763 218.769028 1050.420288
1243.651123 295.438110 273.126038 290.267639
1140.130005 792.975952 155.093994 793.296875
1203.768921 1164.566772 226.374069 1172.611206
1483.729858 708.481934 495.525421 708.316284
1372.427612 758.740662 388.159424 756.833923
1058.401611 745.291199 67.791061 744.651367
1121.910645 786.242004 135.455841 786.748779
1250.760620 728.692688 268.256714 727.213013
1420.242920 1190.903931 440.196503 1174.743774
1278.797119 103.367271 320.292999 99.898705
1072.647339 759.008728 83.404655 758.647034
1202.162720 1028.404053 221.030838 1032.314209
1149.507935 710.371887 165.500168 708.473999
1463.130371 226.548279 493.744415 240.156342
1342.000732 785.719788 359.448792 783.780212
1373.796143 1080.976807 393.676178 1073.513916
1118.717529 778.847656 132.096802 779.009949
1459.639893 766.388367 472.126099 764.265808
1245.258423 1120.147705 267.903748 1122.497437
1322.346436 782.226685 339.742493 780.493347
1373.648315 721.249695 389.952698 720.420471
1219.410522 1076.099609 622.160645 1019.696533
1240.962158 1117.573853 263.565216 1120.957764
1446.072144 675.980530 766.615723 670.954224
1558.897339 704.050415 564.535645 704.461609
1338.615967 267.423004 374.913055 271.948456
1377.539429 709.457886 393.813446 708.743530
1270.973145 429.012177 295.903931 425.665283
1322.346436 782.226685 339.742493 780.493347
1410.964355 782.574219 425.656250 780.504517
1205.797607 737.330933 223.008881 736.223267
1121.233398 758.352600 135.152771 757.741089
1477.222900 702.198792 488.751343 702.300415
1356.604736 759.127625 372.933289 757.707520
1097.894409 747.460938 110.487793 746.703613
955.520691 679.242004 473.036591 676.408813
1314.549316 779.734436 331.869385 778.521301
1431.160400 715.674744 445.141479 715.258362
1119.332153 733.523560 132.644150 732.622559
1232.991333 759.152283 249.925339 758.004517
1213.078491 1141.550903 235.510361 1147.987061
1356.422974 1169.935913 379.382813 1161.651611
1228.223755 766.412170 245.233398 765.424316
1093.698242 512.828735 108.327431 502.656433
1382.767212 49.673206 424.302551 59.506168
1489.538086 667.458374 500.582092 668.765991
1255.961182 763.095154 273.403351 761.657532
1491.406616 1146.395996 505.090790 1124.606689
1309.876343 751.499939 326.751892 750.208923
1135.032715 180.531219 167.879761 159.590164
1219.410522 1076.099609 622.160645 1019.696533
1491.689331 674.609558 502.971649 675.786011
1228.105225 788.755615 245.199539 788.104309
1044.510498 787.877258 52.573288 789.550476
1257.047729 709.473572 274.847717 708.035095
1178.397949 535.905090 197.976868 530.185303
1246.692017 519.886230 267.025879 516.882019
1115.767578 768.233582 129.138474 767.582336
1560.476318 1157.668457 565.818542 1128.824463
1482.561035 1117.979858 496.264679 1099.898560
1359.897583 1081.382813 380.436096 1074.805054
1133.106689 1093.031982 150.103302 1106.660278
1465.923584 675.348877 488.389069 676.194275
1412.599243 1100.114624 1251.679199 823.262512
1184.371338 762.947266 200.974670 762.363953
1324.172852 1083.561401 345.490723 1079.878296
1359.897583 1081.382813 380.436096 1074.805054
1179.617310 316.377991 206.918427 305.908020
1430.094727 420.699585 451.943237 428.198944
1322.346436 782.226685 339.742493 780.493347
1278.797119 103.367271 320.292999 99.898705
1066.139038 729.650757 76.617943 727.932312
1134.274414 798.717896 148.438980 799.370605
1119.332153 733.523560 132.644150 732.622559
1043.858276 792.288757 325.971466 1135.678223
1301.052368 768.300293 317.977325 767.039185
1135.032715 180.531219 167.879761 159.590164
1109.800171 795.134827 122.929451 795.964355
1228.223755 766.412170 245.233398 765.424316
1162.372314 730.462524 177.793747 729.028564
1451.607544 1155.500977 468.860596 1137.743652
1335.299438 1137.355225 358.071899 1131.760376
1133.476807 793.177917 148.163055 793.783936
1071.393433 806.077026 81.772858 808.098145
1522.494385 508.463104 1425.213135 763.491638
1194.431274 1161.833984 216.531982 1171.173950
1010.705872 740.176453 15.636642 739.598877
1467.590088 1167.579102 482.645660 1147.591431
1182.251587 795.019104 198.590973 794.936829
1175.899658 777.672729 192.136246 777.239807
1111.925049 780.795410 125.373085 781.088989
1381.386841 1152.324219 402.795074 1142.239136
1356.537598 782.096008 372.992096 780.323669
1372.618530 678.627747 389.256195 678.376892
1316.518555 788.961548 333.415344 787.566223
1270.097534 795.717773 287.724396 794.508667
1284.937744 787.102722 302.326782 785.918579
1133.841797 787.584351 148.309448 788.003174
1232.991333 759.152283 249.925339 758.004517
1237.394897 1154.943481 260.942749 1159.047363
1164.427856 761.294617 180.001526 760.480042
958.001709 676.931213 703.593994 669.636292
1046.093262 808.255554 53.963310 810.956055
1496.482910 738.654907 507.086731 737.625061
1341.085449 754.558899 357.790924 753.094910
1337.509766 763.349792 354.359222 761.732178
1205.390869 1057.248291 225.402451 1061.556885
1066.139038 729.650757 76.617943 727.932312
1085.277954 726.681335 97.412819 725.023376
1460.944092 1183.008301 477.050537 1162.634277
1327.765869 787.273254 344.830170 785.490173
1385.447388 451.258026 406.412750 455.087097
1430.094727 420.699585 451.943237 428.198944
1066.997681 785.279236 76.844360 786.490662
1093.698242 512.828735 108.327431 502.656433
1467.590088 1167.579102 482.645660 1147.591431
1496.482910 738.654907 507.086731 737.625061
1123.503540 1116.721558 139.412003 1132.150635
1083.754150 768.397156 94.915092 768.572266
1423.801270 1162.757935 442.842834 1147.758423
1141.972290 796.738281 156.613052 797.258301
1316.761841 715.605835 334.736786 714.434570
1232.058350 707.007996 249.696472 705.284973
1251.751831 745.460022 268.876953 744.371033
1194.668457 1153.525757 216.464966 1162.286377
1333.721680 787.061035 350.932617 785.422729
1080.698853 684.076721 92.912422 680.386963
1289.209717 699.490784 308.145569 698.335632
1483.317871 781.237915 494.409576 778.460876
1083.256836 755.284119 94.844383 754.571045
1185.634155 753.689392 202.094986 752.609497
1232.474609 1083.395386 253.048996 1086.062256
1266.652100 725.754700 284.112640 724.519043
1188.609619 796.005981 205.276794 795.889587
1477.764526 1144.054077 492.478851 1124.579102
1266.485474 706.370605 284.319092 704.911560
1451.478027 1097.557129 467.416290 1083.162354
1199.821899 776.446411 216.303604 775.540771
1586.264771 652.365417 589.524536 655.758179
1341.085449 754.558899 357.790924 753.094910
1088.044556 805.887939 99.904305 807.508911
1209.267212 797.146240 226.168808 796.762085
1483.055176 1159.916016 497.494110 1138.602417
1274.712891 705.115234 292.446686 703.896973
1059.660522 775.194153 69.062431 775.859802
1193.528076 755.937927 210.149979 755.005676
1314.086060 1099.989502 336.294006 1096.682495
1025.402710 736.906555 32.085873 735.838623
1266.485474 706.370605 284.319092 704.911560
1240.809814 1113.844360 262.934875 1116.735596
1224.605103 1116.593628 247.231827 1121.897095
1344.365723 1095.391479 365.947205 1089.728882
1036.685669 782.378296 43.819988 783.920227
1317.554321 1150.341675 341.052124 1146.509521
1267.502197 785.826355 284.903870 784.868591
1119.009888 826.452087 133.045456 828.412170
1412.836914 775.090271 427.512360 772.906860
1315.111084 793.965576 332.631165 792.351318
1316.470947 770.748901 333.810852 769.368469
1403.214722 727.574097 418.337494 726.729980
1437.943237 554.469910 454.277466 557.865662
1185.398315 800.753235 201.773361 800.790344
1437.943237 554.469910 454.277466 557.865662
1227.444214 734.092285 245.096542 732.626465
1517.098999 673.567322 526.669189 675.056702
1344.365723 1095.391479 365.947205 1089.728882
1128.000366 786.625000 142.108536 786.909363
1047.107178 550.436646 58.762074 539.589050
1220.059570 764.828491 237.205994 763.924255
1292.830933 1121.002197 315.971710 1119.347412
1482.439575 702.864380 494.194031 702.816345
1207.667358 766.146057 224.398575 765.375916
1079.746704 781.630676 90.817116 782.321716
1455.520874 219.658218 485.172974 233.397369
1111.831543 802.215759 125.094719 803.306213
1584.888794 666.651123 588.124023 669.096252
1186.422241 1053.450439 205.450500 1059.642334
1464.466919 1152.524658 480.421143 1133.930908
