603.078491 1028.399780 225.971405 949.597534
1252.933105 985.722412 316.346680 726.064758
1317.921753 701.839905 601.620728 744.577148
772.063782 1093.210327 230.030594 1134.671387
275.519470 1132.686035 554.036987 827.295044
798.010254 1134.867920 1052.530518 805.855103
1521.325073 982.653931 1331.484985 937.283020
1488.644043 924.549927 530.531128 1087.086304
1384.174683 642.352783 666.495728 686.281616
772.063782 1093.210327 230.030594 1134.671387
1016.947632 1008.771423 755.645508 1183.249878
1548.560303 367.493622 826.638489 425.089172
1288.477905 782.113770 1230.568970 948.080505
508.053101 1143.878174 1294.883301 987.785828
1196.767334 947.796631 149.529526 963.858459
930.923096 686.266541 210.018433 725.689941
1091.086548 1180.763428 591.387268 1178.417358
597.268738 1056.833008 47.689449 1015.629456
410.104004 253.412491 339.007111 902.085083
784.470459 1182.460571 1212.307617 883.217834
954.829712 667.342041 715.971497 941.911804
1592.927002 857.654114 100.847595 1075.392212
437.393951 231.336884 1162.963745 533.520813
847.571411 1162.116089 749.346558 870.241272
1410.296997 1032.298096 684.960815 942.347961
343.935364 1158.875977 149.529526 963.858459
1066.215210 1095.298950 853.731934 779.413818
1217.250244 944.459961 403.558716 1169.946411
1495.371704 991.260376 7.179227 794.685913
858.675476 1084.444824 49.861141 1145.439209
1366.614380 979.916260 1007.751892 886.175598
377.508240 239.970261 452.167755 779.832581
281.590546 779.906860 305.032196 1037.944946
1134.824585 1053.289185 1536.713257 868.963501
1435.065186 855.358154 713.951965 892.098816
440.966400 222.254974 1277.514038 503.857391
1075.517456 1148.833618 643.947449 992.529785
440.966400 222.254974 1277.514038 503.857391
757.802979 1086.835083 92.833931 1094.055542
881.660217 911.134705 160.425049 961.513123
1050.690430 891.602356 694.891113 759.407288
1007.921021 909.225098 292.950317 955.067505
757.802979 1086.835083 92.833931 1094.055542
91.313622 96.339050 970.419678 470.162506
617.441895 677.513672 140.952133 739.178711
820.381653 249.067551 1005.930420 493.028534
1399.022095 713.394104 808.209717 753.712341
343.935364 1158.875977 149.529526 963.858459
1475.679443 887.718628 1590.881958 794.893250
999.990540 895.409363 284.450378 941.158447
431.247833 1105.876343 433.470490 61.185417
234.810104 718.845764 862.499634 1144.265991
426.410583 679.310364 14.944345 712.945129
1039.341797 1195.886108 631.108032 1135.173218
1391.055054 939.981140 1205.775391 853.321350
1500.484863 903.902283 1393.999756 922.558044
1453.487061 1166.463379 120.823105 802.757629
1018.651001 1161.986572 180.323380 1125.228516
55.722282 734.847107 722.111572 775.520386
979.881531 1093.529175 326.546661 1145.496094
1554.815552 930.582886 790.840820 963.143372
584.670349 678.083557 941.520264 873.219727
955.905334 1107.036621 98.282463 1156.177490
875.984558 758.750671 172.386169 805.470459
565.818542 1128.824463 1112.096069 874.046143
1128.731689 32.222305 457.428589 98.606033
1190.111206 814.786987 476.266815 856.455933
955.905334 1107.036621 98.282463 1156.177490
1344.850586 1085.308105 1468.495117 1026.013306
1344.850586 1085.308105 1468.495117 1026.013306
1413.272949 1048.016968 647.593933 1081.385254
1174.855957 1127.299194 707.723511 755.136536
1174.855957 1127.299194 707.723511 755.136536
731.728760 1182.542725 688.938904 780.579102
328.175201 1075.986450 409.930176 904.652954
1337.142456 1080.924438 571.476624 1116.741943
1262.024292 808.408325 809.051086 1169.239136
99.904305 807.508911 850.113708 1098.653198
1262.024292 808.408325 809.051086 1169.239136
1298.453003 1126.022095 532.596924 1162.217407
1542.143188 1095.836304 1109.057617 1166.330566
328.175201 1075.986450 409.930176 904.652954
1174.855957 1127.299194 707.723511 755.136536
955.905334 1107.036621 98.282463 1156.177490
1396.482178 976.184937 639.527771 1011.973572
1064.336060 199.908585 982.427856 475.088776
1521.148315 831.503967 794.229065 867.020508
832.729248 1156.915039 1498.899414 347.639862
1349.680298 1168.203857 1268.554199 896.776428
1569.949951 854.782532 838.438416 887.666626
248.595474 701.247498 1523.361450 1151.371338
1030.381836 685.629700 316.346680 726.064758
865.898438 1124.959229 681.561768 858.143921
1384.288574 992.716187 625.883972 1029.020386
1062.732544 1028.320313 1307.798340 935.524414
249.641083 1055.843750 554.036987 827.295044
742.647705 1128.124878 426.332306 1090.670410
1173.953613 1142.975220 813.579346 837.193237
458.370209 224.603378 371.583740 1094.810303
760.099243 983.183350 25.248573 1045.647827
1283.185547 191.353836 584.372437 241.784927
316.726807 1155.322266 717.320496 1021.354675
1321.811890 751.127747 605.299377 792.268494
223.008881 736.223267 737.177734 987.701111
831.253601 1173.951782 590.085083 1166.479858
1362.625366 922.177307 197.727219 550.352478
1563.558594 999.160828 1052.780884 1127.719360
1002.583862 1180.043213 448.634064 1082.128418
372.712067 232.459854 239.189728 1038.488892
1286.179321 179.858734 588.864502 229.069626
1121.469360 20.542353 126.172340 973.239868
106.142830 746.950012 185.750275 794.865356
1007.394348 1065.996582 23.585629 1149.841187
1482.682861 903.676208 729.327698 939.228943
874.930603 1166.876221 282.168549 7.817376
1053.702515 858.624878 339.007111 902.085083
346.627838 778.977661 1346.768799 881.896790
891.876221 1014.347473 1233.003540 639.015564
1544.979126 932.302246 782.789795 964.484436
1337.142456 1080.924438 571.476624 1116.741943
137.820953 1094.367065 409.930176 904.652954
1479.455200 763.269531 755.706482 802.961304
1448.925049 757.875671 726.274353 797.857788
1119.900391 28.762600 1465.544312 294.322662
449.317444 1119.257935 513.075317 1008.175537
1443.220215 836.996094 721.896057 874.168640
110.487793 746.703613 1131.820679 919.427795
1268.404419 790.270325 100.666443 268.680573
874.930603 1166.876221 282.168549 7.817376
1056.253662 1030.086060 345.063324 1077.446045
1007.394348 1065.996582 23.585629 1149.841187
1220.403931 796.921509 506.077393 837.618591
380.298004 770.255554 847.521790 1073.399780
1249.513916 796.926453 534.658936 837.654175
1387.432373 1001.401550 627.978760 1037.504883
979.628113 683.068726 263.904388 723.069885
128.217896 1154.109375 369.224335 796.649353
137.820953 1094.367065 409.930176 904.652954
1513.365234 1104.852173 476.088867 1131.848633
203.138550 1014.183899 738.081055 1023.200500
1535.523193 890.369995 780.924316 924.948914
879.659729 687.537659 159.986374 727.330383
1486.730225 761.315918 762.517639 800.854309
336.294006 1096.682495 582.167725 729.403259
1033.014404 1176.061157 762.517639 800.854309
389.256195 678.376892 591.433716 701.506470
259.967346 1182.348633 744.996338 1158.406006
60.369431 698.101807 744.580444 781.760925
600.863525 1037.567139 1470.490845 868.077881
203.138550 1014.183899 738.081055 1023.200500
1506.303223 811.497925 780.300415 848.658203
1233.729858 863.926453 518.764099 1098.548218
1387.695801 739.610779 671.115417 780.723022
509.483551 1134.682617 97.071159 963.703064
1357.343994 916.909485 641.044861 953.135742
1537.927124 363.217957 1431.610107 263.628113
1474.213013 762.055542 1548.835327 761.872070
1553.729736 902.543762 1573.478149 864.186890
1267.390869 796.871155 552.272400 837.431091
1554.972656 904.489441 795.361145 937.505493
1482.077637 760.661560 1260.951172 517.398010
1524.078857 824.183777 796.855530 860.982361
1175.776001 860.493835 462.515472 902.080261
1542.951782 853.231079 813.471069 883.199646
1461.828491 1083.360718 1382.104004 873.292175
1134.011108 464.612366 423.211121 504.699219
1213.835815 893.649597 707.723511 755.136536
1397.161621 1048.630493 633.231995 1082.847412
1484.751709 861.687500 760.842468 897.013245
132.096802 779.009949 653.929260 1015.949036
1427.895142 1084.402710 657.113098 1115.317749
1135.733154 1135.982178 366.392059 1184.500977
1003.869385 893.232544 288.396912 938.215942
1378.206787 782.430664 660.379456 821.676514
467.643799 679.692078 551.588562 1004.089905
1573.155151 1075.195801 551.218262 789.650574
783.842346 1069.060547 1465.274170 822.172791
1074.597656 630.522949 1521.360474 571.494202
1448.404175 936.131958 693.169556 971.508606
817.299683 1101.491089 300.709625 1175.717529
1433.335815 996.135193 672.300354 1030.498169
1049.016968 757.344910 282.168549 7.817376
1080.399658 862.878052 367.387604 905.578430
1081.037109 1075.446045 294.063568 1120.567993
838.918030 949.530396 113.975006 1003.746033
1349.796875 982.233765 593.581177 1019.951172
25.325605 801.140686 638.276062 1109.123657
1404.757080 1161.232666 589.594604 1160.935669
1014.373230 1113.584351 259.794769 1180.742798
1157.597534 862.222107 445.283539 903.931396
1429.515137 942.349609 674.936890 977.856750
1418.339600 965.252808 661.213745 1000.603210
1265.832397 1065.890503 503.444763 1106.425293
288.328400 1195.756836 738.081055 1023.200500
848.589355 1122.648193 30.171932 1191.336548
816.967896 1060.876831 76.032692 1105.666992
1476.184814 973.321411 808.209717 753.712341
1538.511108 829.263916 810.142761 864.967163
388.490570 1064.740845 1015.288574 992.352600
1494.551514 866.501953 514.204651 970.808716
1547.051758 710.116638 1159.563599 832.231384
1412.657593 797.655518 881.628052 794.520752
993.860840 1051.079712 228.693054 1105.168457
1409.888184 764.813721 379.141785 1087.227173
987.263306 999.292786 272.966675 1048.996460
1586.017944 791.480103 363.625916 1126.913574
1206.938110 405.878723 946.088562 537.215332
266.866272 671.895569 511.543365 1033.259155
34.496483 667.666687 482.642639 793.127869
953.325928 1053.517212 232.582001 1119.670410
179.263870 1144.823853 1112.636597 804.982727
1404.757080 1161.232666 589.594604 1160.935669
872.763855 1028.048218 93.838554 1090.684937
1596.088745 802.817078 861.469971 838.615723
1188.040405 1099.459717 422.940308 1144.233643
1410.129028 649.346619 690.776917 693.206482
1389.378052 778.963806 144.879578 960.917786
1172.416870 827.163757 459.329346 868.810486
1125.142212 32.212990 588.864502 229.069626
1425.075439 1026.936401 660.552673 1060.275024
1404.170654 820.456421 818.734619 805.745728
1350.053345 735.847229 632.914795 777.102966
28.267029 769.320129 1375.902100 819.645447
610.570313 1024.410156 525.964172 1141.693726
1126.568848 686.591980 1558.115112 865.600891
798.383545 727.759338 659.217957 1055.251831
1494.551514 866.501953 514.204651 970.808716
1247.601440 1081.239258 483.667877 1122.717163
284.903870 784.868591 796.942078 997.885254
1114.287354 75.431908 425.859711 109.373909
388.490570 1064.740845 1015.288574 992.352600
830.992737 913.208496 105.350769 965.771912
133.045456 828.412170 482.642639 793.127869
1324.523560 1000.637939 567.624939 1039.057495
1165.955322 675.296631 452.698395 716.229492
1158.056274 1079.005371 1119.244873 1108.442017
441.977142 1167.969238 684.315674 1002.275146
1185.470459 182.856964 490.562408 225.293854
1463.722412 862.916443 742.103821 898.551147
1515.990601 848.435303 789.622375 883.724976
631.720398 1166.248535 1263.989624 874.880310
843.316162 683.936829 121.994499 722.978516
853.299072 1037.903320 63.575195 1106.872314
1018.085083 1145.064697 359.474518 1190.091675
868.336609 954.625000 146.217285 1007.454773
1341.324707 840.517395 624.977783 879.378784
1244.669312 1195.725952 650.568542 1098.432617
403.382111 730.921143 850.689392 825.410278
1309.984131 832.315735 594.220276 871.957275
1416.221558 974.803711 658.060486 1010.421448
1331.810913 388.002228 622.082336 436.478088
403.382111 730.921143 850.689392 825.410278
1127.054932 1133.132568 357.610291 1182.095337
690.347595 441.143250 808.160400 860.791382
400.964844 1161.968384 667.981323 1184.507813
1375.270386 672.307922 657.262085 715.334106
1063.432251 860.314819 349.499573 903.778198
1025.908936 878.199463 310.853210 922.764343
253.390579 673.852112 1564.092651 1061.520508
232.204910 1092.244141 1151.483765 990.155396
1538.511108 829.263916 810.142761 864.967163
532.692566 722.391296 1330.332153 958.135071
854.163818 988.508911 507.753632 980.381104
1307.835571 832.557373 591.188965 872.407593
1416.474731 997.773193 656.227539 1032.425293
1194.105103 1150.165649 423.129730 1195.135620
1355.770386 1088.304932 136.358566 1013.701843
1462.389526 799.024292 459.989777 964.977234
1121.897217 24.489120 433.470490 61.185417
1567.438232 777.856323 836.738892 815.227112
158.770157 731.349365 923.771545 944.791443
252.234543 410.787231 1401.051147 273.326782
945.515442 713.795837 228.277466 754.722595
1313.249268 930.206604 1372.602661 1116.375000
1088.971313 1041.607056 379.141785 1087.227173
858.270569 1175.218140 733.806213 917.174988
1217.485229 370.733185 511.025848 414.936493
943.179199 901.846924 225.971405 949.597534
1382.757813 1151.665039 233.780869 797.610840
1270.497314 1133.126221 499.317352 1173.139526
230.093414 1066.140991 179.333618 1173.528687
1269.093140 834.826721 554.660461 874.800598
1342.689209 715.240417 625.766357 756.936035
445.585632 94.371086 703.072998 762.442932
637.283997 1176.141846 172.940491 1141.984375
1465.478882 913.087341 712.178528 948.851196
1536.169922 728.376343 808.337952 769.025330
1075.904297 985.362000 357.247681 1022.864319
637.283997 1176.141846 172.940491 1141.984375
1420.855713 998.206421 659.891479 1032.677002
562.544006 1127.998169 835.993225 876.697327
1154.733276 674.278198 441.251312 714.943298
1338.588989 895.986023 622.674622 933.321045
1347.890503 654.367310 631.650940 697.869812
1336.682617 951.232239 585.057617 990.065674
1110.049561 875.760132 396.909668 918.479736
779.199585 713.707764 421.405304 783.692505
1233.964844 994.707031 392.534485 1192.986938
1293.664917 778.347229 577.818298 818.972290
1175.120483 1152.585815 812.625000 1058.334229
631.720398 1166.248535 1263.989624 874.880310
1467.463501 790.446289 744.391052 828.725159
1560.374634 937.334167 795.532776 968.360046
1046.681519 718.702637 1383.137939 866.742188
911.177124 731.907288 192.714737 773.298035
858.270569 1175.218140 733.806213 917.174988
1521.631836 718.575928 795.003113 759.538147
1206.483765 869.604736 493.153748 910.639771
113.324448 772.078552 1512.546631 871.996460
956.031616 964.325134 240.391785 1013.719604
1551.429688 805.959656 988.004700 1052.169067
1451.167603 801.945251 729.350342 840.610229
1442.102783 1030.458252 677.242859 1062.811401
1058.050293 681.848938 336.603821 722.942017
849.151001 1044.752075 69.527550 1108.982910
1016.162598 724.193604 300.918121 765.597473
871.134705 962.086426 1271.097778 881.633057
1233.964844 994.707031 392.534485 1192.986938
1083.536499 1010.558777 372.426910 1056.209106
79.933647 680.405823 471.134949 793.687866
1442.102783 1030.458252 677.242859 1062.811401
1447.745850 932.624390 693.013062 968.192139
354.580566 1145.236206 233.780869 797.610840
720.042114 1168.596802 717.307556 982.239563
1521.631836 718.575928 795.003113 759.538147
894.549072 709.677185 172.797806 749.700073
1541.728149 802.956604 79.229919 798.106018
1437.584839 1018.302429 672.883240 1051.527832
245.096542 732.626465 1009.340393 780.716736
1392.421509 955.647522 637.862732 992.321411
1123.737671 1114.734497 356.855927 1163.454468
971.001221 1045.238037 135.284378 1086.442383
1525.054810 631.999268 5.913919 1191.658813
368.906738 238.044937 576.449280 977.017151
810.302856 1115.376465 5.913919 1191.658813
1468.451050 906.269348 715.971497 941.911804
354.580566 1145.236206 233.780869 797.610840
1004.798401 1168.421387 752.030334 681.563782
996.772522 1065.145874 325.991882 1137.545532
409.990936 247.597580 76.160736 1024.303345
823.963867 1115.817017 30.171932 1191.336548
922.043274 1022.537170 389.194946 794.756409
887.803528 639.533447 167.251465 676.185608
226.374069 1172.611206 1414.860229 1055.138794
1382.757813 1151.665039 233.780869 797.610840
1416.140381 785.437378 817.571594 1064.609863
1211.160522 876.100525 498.178772 916.776428
1459.969360 1120.015015 682.517761 1147.575562
1347.888184 969.759644 593.730652 1007.567261
528.011353 738.377197 745.660522 1075.968628
1495.531250 394.696503 775.940857 449.743317
357.790924 753.094910 1518.695923 965.160828
854.583801 1082.886597 98.282463 1156.177490
647.750793 1176.493042 167.066956 985.374756
1417.994507 712.762878 696.508606 753.955261
1407.707520 739.665771 688.938904 780.579102
1216.593140 811.139343 501.723267 852.035278
1201.563965 876.451233 488.122986 917.166809
1194.536255 1141.475098 425.378998 1186.078003
892.170654 950.798096 171.757065 1002.564758
795.763672 1141.247681 374.629272 1076.852051
1290.570557 1028.471313 531.727661 1068.035522
409.990936 247.597580 76.160736 1024.303345
335.193054 1197.242065 1097.068848 1008.545532
1447.745850 932.624390 693.013062 968.192139
1426.881104 766.285767 706.418518 805.932312
493.732117 1078.769043 187.017456 1065.667358
958.533813 755.728882 241.595200 797.961914
1318.604248 1127.074097 547.118713 1163.982788
871.134705 962.086426 1271.097778 881.633057
1163.498657 735.915771 5.913919 1191.658813
1466.163208 840.585022 742.961975 877.520935
1356.475220 645.047424 639.636719 688.541687
766.048279 1080.870361 24.057011 1127.895630
1465.758423 725.658691 138.838394 1064.431641
1301.607178 1023.641113 543.117188 1061.460693
1498.930786 1041.979248 133.509247 773.248474
1107.463745 905.890869 394.462830 949.325989
1417.994507 712.762878 696.508606 753.955261
414.320465 1154.793213 362.691315 970.270508
1454.826294 1058.149780 685.154480 1088.749146
763.711731 665.163452 800.288391 781.015625
658.468262 1078.694946 155.812393 741.090149
1229.441772 870.231995 716.924500 726.019409
1558.463501 790.792480 1146.663452 835.378662
1584.329590 779.641541 851.494263 816.957764
1233.844482 865.372314 519.820435 905.915222
840.644409 1015.921265 589.628845 960.951172
1434.605347 701.620056 713.761597 743.365540
754.743713 1184.901245 1494.385010 1132.093872
1443.570679 734.704590 722.111572 775.520386
754.743713 1184.901245 1494.385010 1132.093872
1418.018921 798.699097 697.991028 837.581787
1247.840698 944.407654 752.226563 987.955017
1380.336792 494.693207 664.568420 542.914001
871.234009 768.500977 150.607162 811.576172
1544.482300 1039.254639 768.910339 1064.913452
1188.292358 1131.639038 1588.744141 785.777344
609.872498 1163.020508 268.092896 1095.653687
817.546021 679.420715 92.797966 718.465393
368.906738 238.044937 576.449280 977.017151
1407.096191 980.481812 649.064331 1016.161987
318.752380 1152.325195 1231.700684 837.936340
414.320465 1154.793213 362.691315 970.270508
1301.607178 1023.641113 543.117188 1061.460693
1215.455322 821.374817 501.826019 862.250122
461.397888 676.776978 173.930466 716.273254
1445.727295 971.714050 686.098145 1006.010925
1537.498535 890.816956 780.924316 924.948914
1450.406860 929.353394 695.604614 965.077271
1198.786987 1114.821777 432.169037 1158.963257
1228.851196 1051.792236 767.448486 884.452332
841.076233 915.819885 116.148636 967.562866
1183.019531 692.466736 469.058014 734.181946
488.389069 676.194275 12.936627 709.597351
522.509155 671.074036 766.032288 1010.272644
1388.283325 736.941956 670.338135 777.668335
493.732117 1078.769043 187.017456 1065.667358
376.365784 1165.751465 410.712708 756.523926
1567.433960 815.312134 828.693481 869.364807
1388.435791 652.845642 670.826416 696.270264
802.574036 1104.844482 280.661072 1188.995728
1431.239502 987.018372 671.705566 1021.933960
1228.851196 1051.792236 767.448486 884.452332
1079.152588 947.605652 366.391663 992.280945
1128.291626 968.224792 416.800720 1011.308594
1329.224731 909.737976 614.281250 947.798035
1380.336792 494.693207 664.568420 542.914001
1362.875244 988.389709 605.982361 1025.087891
858.794556 930.288635 135.548187 982.088989
1438.627563 1061.280029 670.355896 1092.562012
424.302551 59.506168 605.036499 1054.479736
1431.239502 987.018372 671.705566 1021.933960
1500.881470 848.698364 776.108887 884.172058
1497.709839 955.348389 737.177734 987.701111
1291.303589 909.026062 576.942017 947.646851
1429.588745 930.187012 676.108215 966.549622
827.372314 925.909729 101.908226 980.029541
83.856361 144.767105 828.693481 869.364807
1550.153931 916.180298 788.680359 948.587585
607.634216 1107.699951 356.900452 765.735657
1094.139404 758.018311 452.167755 779.832581
1001.702271 677.687561 286.707001 717.422485
1393.458008 638.739502 675.566467 682.766724
1114.239380 94.743385 825.386169 430.158081
1238.551025 739.154541 523.954712 780.331909
866.494141 673.895874 148.340530 713.048950
1362.875244 988.389709 605.982361 1025.087891
249.696472 705.284973 359.609650 926.595093
1565.040283 1093.375854 794.783020 1113.401611
1514.892090 955.947083 752.226563 987.955017
1353.703247 751.474426 635.445068 792.216187
1522.719971 796.703247 795.710876 834.184692
1246.637451 804.355164 532.139404 845.290100
920.140564 686.209595 201.491684 726.060852
1306.589844 751.335327 590.420715 792.831055
820.642456 749.013611 95.796722 791.899170
1262.119019 792.795471 547.473572 833.174133
1363.198730 1060.857666 598.769653 1096.459595
1519.297485 1005.418335 822.762756 1183.892700
1418.830200 954.511108 662.530884 990.562683
932.767578 944.942444 908.347046 1045.558716
1176.130859 465.595459 468.261841 506.800873
1434.075439 899.232727 1155.445435 960.341431
1575.169434 1062.996948 805.091553 1085.041504
928.745483 1034.126099 160.560410 1091.239868
1237.987793 811.862183 523.776245 852.581909
1254.354614 748.447266 894.151978 1030.783813
609.872498 1163.020508 268.092896 1095.653687
762.377930 1079.635742 5.049691 1134.398682
1179.328979 1119.297729 412.268127 1164.713501
1558.463501 790.792480 1146.663452 835.378662
473.036591 676.408813 12.936627 709.597351
1398.132568 956.078430 643.947449 992.529785
703.593994 669.636292 12.819704 707.136841
1493.011230 1003.936646 727.318420 1034.405884
891.740417 1043.661621 141.880280 1110.272217
873.821899 988.200317 152.685104 1043.503418
1335.457642 1001.809937 577.594727 1039.887817
1362.875244 988.389709 605.982361 1025.087891
1473.912720 1022.607056 706.708252 1053.513306
782.154480 346.437775 1376.108398 782.496826
802.574036 1104.844482 280.661072 1188.995728
1504.438599 992.240356 738.081055 1023.200500
1143.128540 168.445618 445.736908 206.918182
804.122864 995.228882 75.391991 1054.986816
1405.487671 934.457153 653.119995 971.396301
337.240723 1097.774658 1413.478394 799.862610
1421.631714 930.385864 669.086060 966.704285
981.719666 890.215515 266.293365 936.345581
880.422485 720.832458 160.672440 762.452271
1553.559326 1072.804810 705.086121 757.339783
402.795074 1142.239136 1478.318726 888.175598
771.168945 1078.313843 57.501408 1109.871094
1266.880005 751.007629 552.311401 792.494202
1191.755493 883.607117 478.554657 924.837891
1557.463867 1169.305054 786.559326 1183.508057
1297.458130 1070.120972 533.976379 1109.072388
1362.053833 1077.818115 595.155701 1112.749023
484.754242 764.417786 532.862000 1120.878174
1422.205444 906.663696 871.424072 728.317139
1532.700928 925.150208 772.686035 957.811340
1113.892334 742.018921 399.914795 783.271790
26.729097 746.475769 618.694519 849.788147
1416.000610 1129.731567 640.286987 1159.795654
789.729614 1069.477661 50.869640 1113.511230
337.240723 1097.774658 1413.478394 799.862610
1180.463135 837.123535 467.178772 878.617188
867.329346 762.085510 145.912354 805.191956
1358.899170 233.862122 655.648010 287.838684
917.291504 918.187500 198.702179 967.056274
789.852051 965.054260 58.975346 1022.959290
828.910217 680.549561 104.617966 719.821228
1175.492065 1139.863892 405.930786 1185.681763
103.268005 745.467590 397.128082 1051.090332
1102.217041 743.121948 388.888794 784.762512
1324.009644 398.602448 613.385498 445.497040
802.523682 970.258606 73.518097 1028.308228
268.203033 1134.318237 1253.693237 520.529541
1340.869507 867.154480 624.798584 905.367004
1186.340820 1122.524902 418.543945 1167.431885
343.819458 548.670349 656.967896 946.449951
1018.227966 990.158020 305.032196 1037.944946
748.059509 742.141357 15.269488 784.890259
1297.458130 1070.120972 533.976379 1109.072388
1533.980347 793.642822 805.607300 831.221191
1272.199707 201.713760 572.343018 248.951279
1424.608032 998.639709 663.489075 1033.284668
1565.741699 691.051880 600.241516 1172.530762
1344.870605 1061.362427 580.865601 1097.836304
1327.951172 744.156921 613.480713 785.036316
829.621216 993.643311 103.306244 1051.964722
1303.582520 738.085693 587.597107 779.111816
1283.012573 786.176697 567.677246 826.742126
1356.075195 1133.934204 338.955505 986.212219
907.606140 1027.972534 135.284378 1086.442383
1549.017456 946.100586 1248.852661 774.156982
1099.270630 1139.636108 328.860077 1190.878052
1449.347290 1093.103516 676.225464 1122.887207
554.964355 89.615044 1580.459961 883.850037
744.281494 1021.000854 643.243896 1148.025391
782.154480 346.437775 1376.108398 782.496826
1060.919922 972.484314 348.439331 1017.705750
809.904175 988.417419 81.993141 1047.189087
999.393433 926.112427 284.152466 972.853149
103.268005 745.467590 397.128082 1051.090332
1589.260864 691.573975 856.284241 734.007568
1383.425537 482.786102 668.803406 530.299011
1494.521118 745.833191 12.819704 707.136841
1074.057251 748.108398 359.143585 789.819702
323.270081 780.732971 427.815796 738.144043
1314.143555 852.956848 67.927917 1071.959717
322.416718 1158.276733 1514.464966 1190.780151
1073.725708 962.438904 468.785767 1028.907104
392.938354 1115.309814 777.441956 967.967163
918.463135 697.755066 705.086121 757.339783
489.553406 1177.886353 815.270142 750.779358
1165.711304 817.828613 452.383728 860.164612
1059.415649 994.994690 505.720886 855.919739
1135.370850 742.465698 229.526871 773.785217
1512.476929 969.829895 1469.718750 603.162109
1402.496704 734.456238 683.967529 774.976379
333.239929 1142.112427 1314.782837 545.971924
650.686768 1168.456421 942.639526 786.819397
1061.125732 1037.768799 347.650330 1088.184937
1141.218750 961.515320 430.075043 1003.984619
1504.770020 773.488586 779.550354 812.271790
995.499878 884.975586 280.322601 931.024414
1424.031250 1090.328613 652.641479 1121.547607
1302.147705 1094.103516 536.338074 1131.778687
789.852051 965.054260 58.975346 1022.959290
1449.430420 834.343689 727.910706 871.566589
1075.664795 1009.108948 364.880096 1055.571167
1306.011475 793.139099 589.526062 833.505859
1505.780518 708.160767 780.046021 749.888855
817.519714 1158.453735 778.870667 678.184753
93.277550 749.428589 783.766724 852.179504
823.963867 1115.817017 30.171932 1191.336548
1363.721313 1132.599121 590.085083 1166.479858
1223.995728 888.037048 505.720886 855.919739
1561.303833 810.495789 830.863464 846.552063
887.235779 910.682373 166.567642 960.377808
833.243469 1047.940430 50.869640 1113.511230
1249.834839 950.452332 63.819614 803.751709
1405.487671 934.457153 653.119995 971.396301
1365.299927 886.710754 648.410400 923.811646
1441.557739 408.853882 727.539612 460.946014
1144.670532 1094.100952 380.085999 1141.097534
694.221680 1186.753174 625.431274 1058.100098
1287.305542 191.792664 588.439270 241.796707
1060.293823 921.263184 346.827576 965.684204
532.402344 1179.878296 1536.002319 740.600769
1000.564514 937.737305 285.753998 984.549927
1492.209473 840.011108 767.120422 875.933777
1084.881226 1081.845825 293.484161 1178.173950
850.778076 759.700073 128.561737 802.654236
1034.265503 681.997131 319.943909 722.152588
273.403351 761.657532 957.507141 844.914429
1333.952026 855.601563 617.993469 894.489319
1431.552368 813.371826 711.192688 851.866882
1083.599609 254.440552 383.722443 289.563141
952.074829 928.148010 233.780869 797.610840
489.553406 1177.886353 815.270142 750.779358
473.398254 775.418457 567.153076 983.299255
708.670776 754.499329 966.327637 1053.783081
1464.819580 874.979370 742.308105 910.356628
859.640625 1034.431152 82.046272 1096.894653
1440.169067 984.260071 679.704773 1018.405273
1130.202515 926.523560 417.969177 969.325439
93.277550 749.428589 783.766724 852.179504
1545.145630 997.102173 774.346680 1025.754272
1383.178467 874.266418 665.249695 911.667725
876.269653 1031.726563 102.274010 1092.692139
1240.108887 925.563049 527.515198 964.679565
1258.642334 810.406860 544.271912 851.453552
1549.405762 750.567688 820.068542 789.960938
1428.590210 953.605286 672.695129 989.152893
1424.581421 986.781433 665.289795 1021.512878
1209.495117 1045.033081 401.447052 1125.357666
1058.024170 902.842102 344.497131 947.147583
1526.948364 790.733032 799.580627 828.474609
1358.662964 906.819092 642.370422 944.136353
786.011047 676.975525 59.125359 715.246155
1559.457642 1146.300537 789.005432 1161.825928
1510.135376 815.175293 783.766724 852.179504
1306.870361 658.430420 591.433716 701.506470
1532.890869 906.184326 775.093567 940.034241
759.488220 713.708435 27.889549 754.387451
1365.736328 1006.509277 606.678711 1042.935791
1545.574463 891.109802 788.190857 924.723389
692.382813 752.814819 807.429810 769.541565
883.927002 1044.067993 141.295059 1105.972046
1325.438721 913.753479 610.316101 951.061829
1302.147705 1094.103516 536.338074 1131.778687
1152.257568 841.362976 439.041199 883.050110
1251.346558 803.885132 536.574158 844.664795
1494.151245 402.644531 774.289063 456.983398
1256.711060 947.562012 543.802917 986.989319
843.867188 1042.571777 63.575195 1106.872314
1296.478638 837.258850 988.705383 787.347839
1279.629517 729.441711 564.575867 770.485596
1325.438721 913.753479 610.316101 951.061829
898.099915 753.577271 178.015945 795.813049
1375.687866 778.991760 657.642883 818.791016
1038.492798 996.069214 325.877319 1043.102661
1574.160767 734.055969 842.840576 774.120911
1421.193726 791.812378 701.239014 830.993896
1423.787109 772.502625 703.698975 812.121826
914.456726 720.319031 195.845886 761.232422
803.330322 933.635315 74.427330 988.880188
809.004456 757.851318 82.910583 801.753479
1563.914185 699.203003 833.558289 741.105713
1322.754883 726.895081 607.358032 768.249939
1080.059082 998.675598 523.502014 1147.325073
1343.619019 492.466919 629.280334 539.049683
1510.447754 971.597351 745.535400 1003.509277
1500.551147 1007.488647 466.856628 1076.407715
1510.447754 971.597351 745.535400 1003.509277
1228.950317 805.307983 515.038208 846.069885
797.665649 1002.306763 67.532082 1063.218018
1520.083618 935.631836 759.424133 968.492676
1423.529419 974.769043 665.291382 1009.894348
1283.689087 737.918518 568.622620 779.110840
786.011047 676.975525 59.125359 715.246155
828.380615 1053.273560 44.407898 1120.226929
1390.971069 1019.333923 629.277832 1054.587769
1060.293823 921.263184 346.827576 965.684204
1134.677124 753.258423 420.646332 795.110229
1344.350098 829.302185 627.859802 869.103027
1475.981201 948.224915 717.307556 982.239563
1463.258057 1022.286499 697.506287 1054.087402
1366.381470 1017.413513 606.039490 1053.748535
877.097107 1153.670044 1434.717773 1144.439819
1510.447754 971.597351 745.535400 1003.509277
1527.544189 806.394775 800.151123 843.682556
1301.139282 800.435364 585.664551 841.013123
883.927002 1044.067993 141.295059 1105.972046
1017.037292 1004.814270 304.406372 1053.005005
999.820557 233.051163 299.161133 263.093475
1229.413330 808.260254 515.264587 849.147644
1559.457642 1146.300537 789.005432 1161.825928
1015.865173 219.768890 315.754913 249.380981
1364.740479 777.005249 647.223389 816.989563
883.766418 1022.093262 110.679672 1081.661987
801.651245 756.685242 75.024178 800.210754
1321.572876 720.840881 605.235229 762.343567
1452.438354 961.505188 694.135376 995.866211
988.002869 932.945618 272.409912 979.387634
948.844482 938.746399 231.874817 987.253479
1424.581421 986.781433 665.289795 1021.512878
801.651245 756.685242 75.024178 800.210754
863.417175 1032.673218 86.754501 1094.563965
1486.703735 990.813171 722.142090 1022.679565
1073.246460 864.183716 359.150635 907.479492
1067.208740 1004.044434 656.967896 946.449951
1558.062866 740.253723 828.002380 780.140991
877.439758 761.288940 156.721451 804.329346
1262.798950 1135.274170 492.922852 1175.423950
1580.865112 796.025146 848.514954 832.535828
1349.945190 1100.255249 581.584167 1135.810425
896.893311 911.401184 176.482849 960.757629
1506.855347 846.294006 781.137878 881.668884
1066.589844 1012.687805 354.572784 1058.822632
1379.765747 873.896423 661.714722 911.600525
1076.883911 954.649170 364.573792 999.041138
1420.779785 734.889404 700.793701 775.863403
1575.871216 692.585999 844.527344 735.000977
1314.383789 707.698792 598.469604 749.634399
1284.962769 1114.170410 517.015198 1153.268555
856.641174 915.013367 133.111603 966.305481
1291.870605 787.444336 576.380615 827.822205
834.074829 945.392151 108.722183 999.719482
1011.132568 894.315735 296.129395 939.450500
1232.676758 799.734619 518.415894 840.497620
869.605530 1029.485596 93.838554 1090.684937
1265.139648 734.769348 550.098511 776.243164
878.604736 1024.995117 105.025551 1085.055420
1208.462769 752.029480 494.507751 793.343750
939.798889 987.733337 222.963593 1038.974121
949.366150 676.601013 232.753799 716.289978
1192.314575 954.721558 480.209808 995.822205
1368.877930 974.406189 613.295715 1011.560608
1504.317383 387.574066 784.280945 442.781982
1384.508057 855.240295 666.209229 893.052368
921.957764 760.134399 203.366974 802.684204
1384.638428 703.034119 666.167847 744.900940
1284.962769 1114.170410 517.015198 1153.268555
1279.610718 1078.001465 515.920776 1117.602905
991.047119 753.860901 275.270203 795.765015
1380.639526 735.429626 663.286682 776.808655
599.146240 1147.563599 1536.002319 740.600769
1108.051392 432.388947 398.430603 471.042114
1437.332153 683.573181 1137.495483 763.171692
1423.661743 946.220947 668.803223 982.020813
967.837585 959.322510 252.548279 1008.146667
1454.004028 823.812988 731.862122 861.691467
1420.583252 764.299133 700.835876 804.348511
1167.005493 681.306580 453.779236 722.348389
1462.448853 451.250214 743.266418 502.721588
852.105835 938.919189 128.274658 991.585022
1487.885010 702.632813 763.662476 744.786865
864.351990 927.853210 141.604996 979.144836
1065.661377 859.469727 351.595734 902.712158
1537.801758 376.520813 815.314453 433.442596
1544.261230 928.355347 782.746399 960.418213
1484.247314 718.587585 1342.326294 808.804626
849.592590 1039.400757 70.237572 1103.118164
1038.804688 677.477051 324.897736 717.735901
809.957764 761.896729 83.661987 805.405396
818.387939 1055.392212 31.226074 1124.001709
962.521118 678.220825 246.593719 718.135254
1062.932373 747.924377 348.305450 789.842529
1427.778809 504.485718 709.505310 553.162781
1308.979492 1123.703247 538.911255 1161.248779
978.423096 906.260925 262.951111 952.975220
1339.015381 1010.149231 580.701660 1047.957520
1201.851196 868.203064 488.675598 908.995728
810.625061 741.888916 84.836288 784.185974
1235.649780 826.771851 520.816162 867.237122
1067.208740 1004.044434 656.967896 946.449951
854.875854 1099.366089 257.488342 1182.193237
829.095398 1049.939941 45.059986 1116.625000
1162.430420 1146.114868 392.534485 1192.986938
1431.686401 800.150208 711.078369 838.927368
866.581360 749.627258 145.328552 792.066956
1480.480347 981.703674 717.711548 1014.055359
1322.624023 702.555115 606.492676 744.583496
907.569092 253.636383 201.670807 277.002197
1392.556274 735.208740 673.776794 776.276184
1585.174805 696.980530 852.819336 739.203918
1357.698486 682.911438 640.422119 725.357117
1020.041138 659.108459 306.295746 698.959961
1516.607178 937.700806 756.176331 970.515015
846.984070 518.260010 127.841446 549.816956
1398.548218 832.761902 1000.764099 744.681946
1444.627075 1013.388672 680.149109 1046.430664
1393.361450 861.249695 674.867859 898.631531
1103.184448 738.890747 389.214783 780.283997
947.462341 920.715271 230.556305 968.542297
1279.610718 1078.001465 515.920776 1117.602905
1057.486450 862.757568 343.044098 906.370850
1437.579346 1025.836670 673.291199 1058.730225
899.007813 962.662720 179.333420 1014.696411
1522.804810 838.205872 796.067993 873.722900
984.221619 750.828430 268.119751 792.971497
1144.166016 847.414063 431.152008 889.448059
1208.285645 892.785522 495.262695 933.597778
1290.019653 1108.954956 523.502014 1147.325073
1419.034790 636.206238 700.070190 679.026794
1320.166992 1044.657959 558.591125 1082.647583
1444.627075 1013.388672 680.149109 1046.430664
1163.901245 889.386292 451.101471 931.079773
1571.287231 991.447021 799.437805 1019.273804
1398.548218 832.761902 1000.764099 744.681946
912.374878 1005.649780 194.242676 1058.889771
1502.215088 996.647522 734.712280 1027.708496
1201.216309 884.048218 487.983368 924.211121
1108.051392 432.388947 398.430603 471.042114
1201.216309 884.048218 487.983368 924.211121
925.385742 759.005432 206.863129 801.505859
892.558411 660.197693 172.448471 699.213928
1085.489746 740.979126 371.474091 782.229065
1524.577026 989.225769 756.713013 1019.408325
1434.432251 707.049622 713.289063 748.789185
1466.400879 1006.487366 701.830933 1038.984253
892.213074 1138.519409 5.913919 1191.658813
1303.906250 922.981812 589.628845 960.951172
1251.778442 836.308716 538.170776 876.878052
1110.473633 662.994080 397.111267 703.914307
1002.708191 1095.903687 152.456314 1099.547974
1229.275146 919.914063 515.890015 960.032715
1227.950195 763.178589 511.810394 804.659912
1169.635498 1140.516235 399.877380 1186.981567
1412.117554 789.311401 692.477905 828.734863
1392.227783 680.125000 673.466858 722.707764
1271.627930 1140.345093 500.771484 1179.896606
1089.159058 1044.684204 377.922577 1090.242310
953.494385 947.539185 237.468582 996.686646
1195.254517 896.311035 482.320557 937.704346
1505.233521 937.641296 744.928467 971.025146
1467.995361 994.472595 704.761658 1027.332886
1456.419312 817.888855 734.296143 855.333618
852.499939 1080.899536 154.852539 1118.087402
1278.231079 784.677856 563.404297 825.445618
801.224976 945.421997 71.780022 1001.432495
1042.748657 883.984863 328.680786 928.071777
912.375549 517.270020 197.727219 550.352478
1091.647827 906.568848 378.603424 950.202393
1513.476196 947.112183 752.528503 979.765869
1412.117554 789.311401 692.477905 828.734863
1432.721558 841.399597 712.175781 878.557129
1472.097412 833.452820 749.346558 870.241272
983.203369 672.602417 267.073425 712.374939
1523.343872 920.779602 763.847473 953.713623
1195.254517 896.311035 482.320557 937.704346
1027.593506 753.257507 312.711578 795.190735
1527.586304 713.229248 800.497375 754.858826
1421.188110 1044.159180 655.155457 1077.544922
1420.220093 992.489197 660.202576 1027.188721
1492.917358 996.748108 727.415405 1027.929810
1563.187256 794.234924 832.425049 830.851196
852.499939 1080.899536 154.852539 1118.087402
984.221619 750.828430 268.119751 792.971497
864.476868 323.497742 152.221054 346.209656
1465.264404 814.777588 742.921509 852.403992
1474.902344 854.117920 751.227600 889.572205
1211.289795 885.317017 498.197296 926.133545
1123.249390 692.451599 409.400818 733.654114
1469.843018 965.110779 709.854980 998.345398
1504.141724 753.702881 779.570129 793.333984
1282.888794 1055.064453 521.667297 1094.667725
1434.432251 707.049622 713.289063 748.789185
1293.045776 846.289856 578.077209 886.183105
1339.703491 859.364197 623.380920 897.861694
1154.882446 857.089844 441.603607 899.071350
1269.917969 807.925049 555.024292 848.506714
1133.186646 1125.130249 365.511475 1173.468262
947.554138 236.576462 245.377762 262.472870
1195.902344 735.100342 482.250580 776.451965
790.337097 984.914551 59.401981 1045.027466
1257.535034 367.242676 551.470154 412.587219
1239.631836 835.686646 525.225464 876.143494
1443.698120 798.513855 722.160706 837.055542
1042.748657 883.984863 328.680786 928.071777
871.590027 1050.313721 28.438614 1149.485107
1089.159058 1044.684204 377.922577 1090.242310
1467.271118 977.910645 705.351868 1010.645264
1023.995422 724.680603 309.021057 765.884399
1469.843018 965.110779 709.854980 998.345398
1231.126587 1131.829834 462.399384 1174.070313
1075.721802 926.092224 362.691315 970.270508
968.606384 102.462234 270.797852 123.515656
1378.580811 751.131714 660.819885 791.827148
1551.860596 1009.025452 779.243835 1036.618164
1334.822388 809.786316 618.694519 849.788147
1281.335815 849.737976 566.743958 890.291443
871.590027 1050.313721 28.438614 1149.485107
859.201172 960.901794 136.358566 1013.701843
960.701355 943.386169 244.484558 991.725891
1231.126587 1131.829834 462.399384 1174.070313
1421.188110 1044.159180 655.155457 1077.544922
1165.755249 732.341980 452.177795 774.080688
1381.428223 984.997559 624.862427 1021.708435
1321.526123 822.017090 605.887817 861.159607
1223.295410 853.631958 511.557037 893.790222
968.606384 102.462234 270.797852 123.515656
1115.659546 905.815552 402.665344 948.921509
894.224121 945.020081 173.974594 996.413696
1389.798584 1006.757141 629.518066 1042.224121
882.363831 233.358505 175.041611 253.366669
1311.112061 839.388428 595.486816 878.954285
1448.107544 826.825439 726.870911 864.372925
1245.221924 751.732239 529.792908 792.923523
894.224121 945.020081 173.974594 996.413696
1202.577393 816.623596 488.359100 858.075562
1087.155884 287.192627 384.214966 323.288147
1226.372925 750.896179 512.604492 792.031433
1406.320190 830.166321 687.165710 868.371887
1156.081787 890.955200 443.290039 933.534119
896.679749 700.445007 177.896027 740.313293
1279.118408 1067.141479 516.854431 1106.930542
1551.276733 740.837646 822.187988 780.823792
1210.507935 864.063416 496.804260 905.052185
1296.968872 738.087097 581.428711 779.387695
1551.276733 740.837646 822.187988 780.823792
1178.761230 931.190125 466.552063 972.652893
1374.537476 1026.305420 613.061707 1062.223022
931.062988 676.382751 212.927231 716.207886
980.489319 895.938843 264.503937 942.167603
1247.439331 851.376343 533.387878 891.672302
1049.526123 748.989502 335.193390 790.865112
1553.102051 548.508118 825.264221 598.622131
1179.853516 951.033325 467.858612 992.716797
1280.326538 752.726746 564.946594 793.624023
1466.836914 436.810455 747.286682 488.949249
965.454834 997.857483 250.136322 1048.436035
1553.102051 548.508118 825.264221 598.622131
1370.811646 1089.715820 603.124329 1123.938110
928.243530 245.128799 224.138855 269.075439
968.198303 233.646729 267.088196 261.074432
1204.943848 946.369690 492.287201 987.138550
1443.413208 856.038452 721.769104 892.529846
819.109070 1097.177002 285.782501 1160.387939
1272.918579 791.213501 558.056030 832.041016
1254.723267 742.574524 540.638306 783.619934
940.137085 943.588501 223.014496 992.633911
812.739258 942.947205 84.884300 998.241943
1528.216675 740.757446 800.288391 781.015625
1186.158325 821.531067 472.471069 862.913269
1399.439453 636.408875 680.897583 680.516418
836.150391 958.968994 110.549454 1014.290894
1194.306396 392.117035 486.958130 434.280426
1032.421509 923.847778 318.224854 969.158630
1548.671875 810.625732 819.091309 846.906494
940.137085 943.588501 223.014496 992.633911
1334.242554 782.366943 617.578247 822.472290
807.129089 750.860596 80.512856 793.852295
1445.133545 783.332886 724.157898 822.534790
1159.913086 836.709290 446.912842 878.277100
1088.639771 947.151489 375.804016 991.496338
1053.921387 875.481018 340.384735 919.114685
862.773865 699.664673 140.952133 739.178711
1202.552612 849.916382 489.028992 890.927063
964.423523 973.568909 248.953110 1023.050781
1174.726074 874.600281 462.367554 916.777344
1359.989258 833.758728 643.224792 872.687805
1196.199707 751.835938 482.642639 793.127869
1511.783203 842.193604 785.671875 877.701355
1332.312134 842.428650 616.150085 881.722168
1399.471069 845.459167 680.609253 883.046814
1137.622803 900.929810 425.034821 943.456848
1186.604980 942.038818 474.750763 983.231506
1359.989258 833.758728 643.224792 872.687805
1106.638916 883.460083 393.727905 926.401245
1083.741699 918.514282 370.581543 962.199890
1120.176270 410.310028 411.753479 448.972290
1184.836304 752.405029 471.134949 793.687866
1458.442749 828.117249 736.606812 865.180847
1466.287964 793.620667 743.653381 832.148193
1491.799683 848.900757 767.448486 884.452332
1491.799683 848.900757 767.448486 884.452332
1165.069458 845.409546 451.800323 886.619751
954.552917 992.712585 238.787933 1043.373779
1043.578491 959.289307 330.488251 1005.143860
1051.990112 941.334290 338.955505 986.212219
1417.338989 820.609619 697.306763 859.037781
1030.518677 973.131836 317.287842 1020.059021
979.964233 908.693420 264.501770 955.085632
1417.338989 820.609619 697.306763 859.037781
1030.518677 973.131836 317.287842 1020.059021
1136.307007 859.360352 423.153534 901.837891
1417.338989 820.609619 697.306763 859.037781
1514.818970 826.447937 788.609314 862.639648
1280.805420 186.629608 582.487793 236.149414
