255.741000 237.659000 11.861800 250.085000
357.147000 220.780000 114.634000 225.886000
372.718000 71.456600 127.688000 81.618200
292.401000 43.585600 49.797300 48.675700
330.396000 22.061800 89.327400 31.081300
362.373000 153.964000 117.911000 160.747000
284.043000 243.647000 42.640900 254.136000
354.441000 225.172000 112.326000 230.260000
264.001000 163.269000 18.955800 170.968000
330.054000 147.472000 86.539700 154.791000
297.170000 252.875000 56.999000 262.258000
270.227000 239.642000 27.636500 251.152000
353.519000 160.984000 109.607000 167.761000
312.844000 239.230000 72.479300 247.063000
288.410000 165.975000 44.728600 173.745000
298.502000 247.929000 58.021800 257.215000
308.575000 258.200000 69.006300 266.512000
329.839000 218.533000 88.549900 225.216000
320.408000 243.258000 80.331700 250.395000
302.788000 135.603000 59.169500 142.632000
331.426000 165.004000 88.665900 171.912000
291.828000 144.639000 48.071800 151.702000
314.329000 246.611000 74.194800 254.435000
309.471000 257.146000 69.597000 265.607000
309.111000 258.942000 69.440200 267.338000
291.461000 136.857000 47.474600 143.769000
292.013000 248.757000 51.397300 258.577000
345.134000 247.788000 104.724000 252.707000
294.476000 254.805000 54.306300 264.473000
345.424000 251.517000 105.111000 256.355000
304.355000 164.013000 61.231800 171.526000
267.682000 221.086000 24.319800 231.769000
326.585000 235.185000 86.063600 241.901000
338.095000 248.551000 97.604300 254.407000
385.319000 104.608000 138.569000 113.623000
342.183000 168.246000 99.492700 174.714000
310.365000 138.300000 67.075300 145.358000
276.203000 225.044000 33.708500 235.333000
302.939000 204.435000 61.272700 212.388000
372.342000 206.061000 128.443000 210.627000
389.574000 237.849000 145.004000 239.867000
299.810000 222.268000 58.537500 230.833000
338.140000 144.740000 94.568400 151.978000
361.906000 222.523000 119.183000 227.226000
328.562000 270.109000 89.421700 276.471000
336.026000 247.355000 95.824900 253.149000
327.184000 247.796000 87.219000 254.356000
346.258000 133.442000 102.473000 140.744000
291.955000 44.252000 48.829300 49.430500
330.154000 143.868000 87.006600 150.973000
329.071000 243.599000 88.908200 250.000000
352.088000 143.001000 107.996000 150.215000
343.546000 230.717000 102.171000 236.445000
318.333000 259.262000 78.826800 266.665000
293.705000 250.058000 53.265900 259.726000
351.329000 221.766000 109.217000 227.172000
285.311000 226.492000 43.951300 235.825000
304.054000 145.390000 60.587700 152.581000
343.541000 232.325000 102.107000 238.133000
338.887000 144.472000 95.636100 151.511000
296.138000 201.146000 54.013400 209.479000
303.855000 256.755000 64.053600 265.588000
336.227000 148.273000 92.754800 155.453000
354.813000 220.497000 112.043000 226.078000
363.680000 227.113000 120.922000 231.605000
257.369000 211.471000 12.780800 222.157000
383.781000 240.197000 139.827000 242.596000
344.732000 209.943000 102.609000 215.957000
370.950000 216.868000 127.485000 221.120000
343.172000 208.791000 101.337000 214.654000
317.740000 86.826800 74.677600 93.785900
276.845000 253.104000 35.565800 264.446000
298.795000 145.692000 55.519400 152.728000
384.961000 240.353000 140.925000 242.610000
273.431000 157.642000 28.937100 165.101000
319.366000 252.430000 79.394700 259.873000
372.821000 72.292600 127.721000 82.459300
370.547000 246.474000 128.250000 249.450000
313.669000 258.659000 74.154200 266.469000
292.198000 184.467000 49.571500 192.452000
279.045000 250.933000 37.796300 261.959000
291.443000 245.853000 50.538500 255.730000
369.207000 148.651000 123.986000 155.649000
339.612000 145.652000 96.230900 152.760000
267.096000 173.317000 22.213300 181.640000
334.276000 216.693000 92.625300 223.247000
303.104000 256.460000 63.243500 265.333000
360.832000 243.347000 119.017000 247.362000
268.062000 173.315000 23.446800 181.514000
315.997000 133.975000 72.583600 141.099000
349.153000 48.234400 105.159000 58.331300
292.485000 161.435000 48.950800 169.032000
331.576000 225.792000 90.075900 232.635000
358.440000 278.761000 118.664000 281.476000
280.092000 250.845000 39.482400 261.376000
286.497000 151.036000 42.665200 158.262000
335.272000 164.367000 92.323300 171.241000
292.079000 247.985000 51.447000 257.726000
297.819000 253.044000 57.703800 262.388000
300.068000 84.469300 56.311700 90.699400
377.487000 149.773000 131.836000 156.552000
273.666000 142.508000 28.621300 149.493000
275.242000 247.484000 33.235100 259.054000
286.475000 246.477000 45.451400 256.709000
299.974000 135.299000 56.064300 142.432000
328.833000 247.580000 88.782700 253.989000
350.815000 167.591000 107.265000 174.243000
372.468000 214.667000 128.151000 219.527000
308.125000 135.578000 64.701300 142.594000
297.004000 165.786000 53.857800 173.299000
327.811000 222.968000 86.507200 229.881000
324.721000 164.498000 82.242300 171.440000
320.016000 142.295000 76.517100 149.653000
308.745000 148.247000 65.347900 155.500000
269.717000 239.944000 27.053400 251.581000
363.507000 224.772000 120.676000 229.331000
351.782000 222.435000 109.978000 227.583000
380.907000 218.798000 136.550000 222.440000
291.586000 260.576000 51.322800 270.889000
338.863000 217.635000 97.308900 223.815000
348.208000 157.313000 104.609000 164.214000
316.910000 209.206000 75.275400 216.695000
346.981000 210.908000 104.690000 216.888000
290.830000 248.909000 50.108300 258.836000
366.496000 222.603000 123.420000 226.991000
280.900000 249.374000 39.693900 260.169000
344.474000 243.339000 103.514000 248.724000
345.982000 208.546000 103.781000 214.435000
346.914000 152.964000 103.732000 159.690000
299.113000 156.406000 55.682400 163.869000
351.863000 144.389000 107.848000 151.487000
290.946000 254.868000 50.961000 264.537000
332.542000 242.545000 92.121800 248.857000
338.440000 147.749000 94.790300 154.966000
357.419000 161.172000 113.286000 167.842000
366.000000 145.741000 121.387000 152.665000
361.486000 210.451000 118.521000 215.508000
255.833000 221.165000 11.275500 232.679000
354.579000 269.229000 114.465000 272.746000
292.898000 168.457000 49.750700 176.030000
307.280000 135.562000 63.792900 142.585000
363.569000 226.165000 120.745000 230.699000
382.629000 242.688000 139.222000 244.782000
383.360000 71.083900 137.455000 81.723700
376.726000 245.019000 133.674000 247.795000
379.049000 71.704900 133.653000 82.046700
349.790000 154.517000 106.012000 161.503000
319.102000 151.405000 75.636700 158.772000
304.524000 221.218000 63.293300 229.540000
319.172000 157.048000 75.854400 164.505000
294.199000 273.355000 54.839800 283.400000
299.009000 251.812000 58.766700 261.027000
261.059000 272.537000 18.166500 287.367000
293.128000 263.439000 53.157200 273.481000
316.893000 154.763000 73.725600 162.014000
303.687000 255.799000 63.700100 264.795000
338.111000 245.889000 97.566800 251.683000
342.617000 151.656000 99.150800 158.726000
377.347000 226.644000 133.490000 230.270000
274.693000 170.911000 30.628000 178.917000
321.909000 208.208000 80.779400 215.110000
255.792000 235.995000 11.899600 248.337000
301.614000 164.087000 58.690800 171.522000
370.675000 212.344000 127.003000 216.783000
312.544000 145.804000 69.147400 153.128000
359.717000 241.427000 117.876000 245.596000
360.260000 163.760000 115.910000 170.363000
320.981000 138.813000 77.890400 145.930000
367.193000 223.311000 124.201000 227.633000
307.060000 147.466000 63.588800 154.713000
337.777000 244.836000 97.347900 250.536000
297.712000 264.485000 58.200300 273.984000
363.611000 223.676000 120.778000 228.209000
298.718000 252.652000 58.448000 262.068000
355.286000 164.621000 111.238000 171.411000
327.712000 270.438000 88.652900 276.887000
292.609000 246.125000 51.554000 256.170000
304.834000 256.788000 64.870600 265.613000
337.585000 225.594000 96.275100 231.710000
342.132000 140.034000 98.537800 147.285000
352.967000 143.572000 108.966000 150.625000
325.028000 245.314000 84.901200 252.079000
283.466000 148.447000 39.487800 155.572000
303.038000 260.398000 63.664700 269.027000
310.061000 265.453000 70.908300 273.668000
346.269000 208.962000 103.787000 215.165000
302.092000 163.052000 58.996200 170.453000
260.764000 166.335000 15.420400 174.312000
349.157000 165.660000 105.489000 172.400000
269.542000 253.122000 27.554600 265.300000
276.034000 252.215000 34.632500 263.657000
273.759000 203.861000 30.418500 213.279000
279.373000 252.448000 38.281000 263.407000
361.752000 272.015000 121.156000 274.967000
342.278000 89.306400 98.870000 97.289000
308.276000 252.901000 68.304900 261.403000
333.041000 216.835000 91.488000 223.378000
320.959000 151.668000 77.857700 158.921000
362.889000 153.400000 118.523000 160.163000
300.749000 145.686000 56.927900 153.091000
314.972000 135.294000 71.450400 142.448000
338.611000 221.686000 96.906000 228.101000
309.277000 258.000000 69.644100 266.229000
333.263000 150.141000 89.724300 157.374000
313.318000 151.413000 70.282000 158.644000
339.423000 218.640000 97.925900 224.760000
328.070000 145.947000 84.616400 153.307000
279.720000 253.020000 38.513400 264.096000
272.067000 162.929000 27.650300 170.505000
374.340000 243.024000 131.440000 245.935000
339.996000 152.164000 96.552300 159.181000
299.215000 237.569000 58.556500 246.351000
261.471000 169.635000 16.201000 177.705000
329.581000 222.884000 88.306100 229.601000
296.994000 33.776700 55.131700 39.298600
359.355000 71.606700 115.338000 80.982400
325.960000 143.042000 82.604900 150.221000
258.943000 243.437000 15.404200 256.178000
325.285000 233.934000 84.691000 240.725000
350.169000 162.954000 106.562000 169.613000
362.032000 216.411000 119.175000 221.314000
344.717000 208.489000 102.926000 214.274000
281.460000 246.578000 40.027800 257.311000
329.101000 218.965000 87.729800 225.703000
336.949000 160.187000 93.531400 167.403000
329.097000 250.640000 89.526800 256.794000
337.755000 226.346000 96.545700 232.508000
353.070000 221.228000 110.774000 226.689000
351.782000 161.148000 107.835000 167.970000
308.228000 145.180000 64.793700 152.488000
280.736000 137.891000 36.433400 144.652000
336.859000 91.686600 93.296700 99.513500
368.941000 217.735000 125.532000 222.096000
364.793000 35.243100 123.352000 46.187500
384.582000 208.359000 139.787000 212.086000
354.651000 164.957000 110.586000 171.664000
330.459000 224.633000 89.223600 231.279000
350.223000 151.643000 106.317000 158.605000
357.711000 220.294000 115.493000 224.991000
347.369000 156.049000 103.552000 163.168000
279.243000 260.742000 38.354200 272.283000
264.459000 249.485000 21.595500 262.176000
341.940000 161.008000 98.502200 167.921000
266.174000 232.645000 23.101400 244.096000
319.095000 141.920000 75.788400 149.057000
292.432000 254.007000 52.202000 263.712000
360.701000 71.537500 117.104000 80.909300
274.249000 256.003000 32.983300 267.701000
340.652000 228.190000 99.159000 234.188000
304.071000 263.446000 64.372700 272.588000
314.193000 141.064000 70.802000 148.203000
366.592000 217.201000 123.307000 221.756000
308.523000 134.000000 65.235000 141.033000
273.487000 158.515000 29.002300 165.924000
291.197000 145.216000 47.633300 152.114000
310.826000 168.960000 68.657200 176.055000
350.893000 138.930000 106.810000 146.154000
264.095000 224.343000 20.292900 235.517000
339.435000 245.674000 98.856600 251.486000
305.694000 253.985000 65.825400 262.497000
313.643000 261.510000 74.233300 269.296000
264.212000 250.537000 21.425100 263.268000
354.453000 217.163000 111.751000 222.643000
327.606000 244.667000 87.750400 251.071000
313.012000 134.433000 69.605000 141.471000
297.439000 263.648000 57.891400 273.004000
342.259000 236.954000 101.173000 242.563000
307.830000 258.780000 68.110500 267.224000
312.551000 157.370000 68.782300 165.165000
350.740000 151.959000 107.104000 158.873000
321.699000 138.850000 78.683600 145.955000
361.684000 280.834000 121.725000 283.232000
296.692000 264.821000 57.056500 274.554000
314.230000 223.179000 73.726300 230.522000
388.936000 235.829000 144.341000 238.115000
261.606000 206.189000 17.182300 216.513000
288.409000 150.993000 44.736000 158.230000
372.482000 212.992000 128.535000 217.399000
354.967000 215.254000 112.435000 220.700000
254.921000 265.356000 11.007000 280.492000
302.588000 255.970000 62.697500 265.006000
282.953000 245.149000 41.418800 255.796000
368.609000 238.492000 126.078000 241.961000
373.454000 214.297000 129.234000 218.993000
292.875000 151.161000 49.367600 158.424000
355.396000 155.408000 111.272000 162.223000
354.369000 222.442000 111.974000 227.678000
308.585000 135.997000 65.303600 143.070000
262.189000 206.897000 17.771900 217.282000
372.344000 144.377000 126.452000 151.702000
311.793000 138.324000 68.701100 145.386000
314.772000 225.141000 74.004800 232.550000
351.247000 241.531000 109.820000 246.623000
282.468000 246.417000 41.106900 257.027000
338.651000 223.323000 96.956600 229.592000
345.043000 231.722000 103.458000 237.379000
362.899000 213.117000 119.786000 218.174000
353.108000 168.454000 109.205000 175.088000
276.109000 247.585000 34.379100 258.974000
332.962000 244.758000 92.784600 250.913000
330.803000 148.714000 86.920500 156.334000
278.398000 249.464000 37.025500 260.631000
305.580000 263.372000 66.136400 271.976000
344.598000 221.501000 102.793000 227.263000
269.430000 170.245000 24.757200 178.445000
350.288000 152.875000 106.338000 159.832000
297.603000 262.956000 58.038600 272.461000
345.627000 243.722000 104.755000 248.838000
268.096000 172.163000 23.477400 180.411000
261.850000 252.019000 19.100600 264.903000
288.208000 223.288000 46.318400 232.666000
350.041000 170.622000 106.451000 177.194000
332.433000 240.733000 91.874300 247.188000
339.223000 148.537000 95.527400 155.715000
282.239000 163.421000 38.257000 171.042000
316.125000 149.407000 72.861900 156.591000
335.734000 77.951600 92.380400 86.118000
311.851000 242.442000 71.458500 250.399000
322.698000 78.045500 79.133800 85.485000
273.305000 166.087000 29.028300 173.947000
307.155000 148.135000 63.959900 155.383000
334.180000 154.507000 90.876500 161.556000
346.293000 219.074000 104.500000 224.624000
322.273000 150.689000 78.959100 157.897000
329.961000 235.447000 89.006200 242.145000
334.278000 274.259000 95.545700 279.707000
258.927000 236.680000 15.221700 248.987000
311.089000 238.655000 70.616400 246.574000
353.990000 145.599000 110.022000 152.707000
360.575000 211.576000 117.712000 216.491000
388.955000 238.408000 144.303000 240.496000
331.193000 243.253000 90.989500 249.586000
310.417000 241.424000 70.272300 249.439000
337.370000 246.656000 96.914900 252.418000
354.614000 216.119000 111.926000 221.543000
350.054000 235.261000 108.670000 240.404000
321.785000 244.845000 81.412300 252.064000
303.663000 163.856000 60.509500 171.281000
366.987000 145.594000 122.180000 152.650000
285.373000 163.753000 41.803800 171.406000
283.343000 245.556000 42.249400 256.057000
362.612000 221.853000 119.928000 226.552000
318.770000 209.675000 77.492300 216.748000
318.516000 153.714000 75.325900 160.906000
383.856000 242.048000 140.264000 244.177000
275.054000 246.851000 33.440300 258.140000
307.299000 48.822600 65.212100 55.077500
325.210000 167.479000 82.903700 174.394000
367.803000 235.144000 125.144000 239.081000
336.410000 245.170000 95.917200 251.035000
290.003000 46.045200 47.161800 50.859600
363.507000 246.331000 121.698000 250.104000
271.709000 240.352000 29.091900 251.800000
285.599000 230.982000 44.142200 240.555000
365.818000 222.145000 122.857000 226.683000
342.324000 138.696000 98.551500 145.910000
318.063000 153.004000 75.280900 160.143000
357.902000 153.237000 113.659000 160.023000
257.759000 214.397000 13.314900 225.353000
353.775000 165.748000 109.922000 172.317000
355.230000 218.204000 112.708000 223.645000
345.645000 155.325000 101.911000 162.287000
364.160000 148.196000 119.612000 155.172000
298.556000 256.005000 58.535600 265.232000
316.701000 149.972000 73.583700 157.068000
327.327000 22.716500 85.414600 31.500300
301.127000 264.722000 61.572100 274.072000
370.583000 226.959000 127.424000 230.759000
357.039000 152.724000 113.338000 159.412000
286.349000 255.232000 45.653700 265.696000
369.249000 157.831000 124.431000 164.446000
313.308000 260.200000 73.845600 268.212000
294.344000 198.312000 52.126200 206.492000
344.930000 149.609000 101.349000 156.748000
293.801000 169.004000 50.763000 176.483000
281.219000 227.768000 39.106900 237.743000
314.296000 142.487000 70.874200 149.634000
349.273000 153.565000 105.474000 160.440000
273.404000 257.503000 32.296500 269.022000
373.801000 242.397000 130.919000 245.334000
363.251000 247.738000 121.472000 251.534000
271.138000 243.480000 28.352100 255.301000
360.672000 242.722000 118.853000 246.673000
360.482000 281.364000 120.719000 283.813000
320.686000 142.232000 77.337200 149.366000
291.307000 248.265000 50.532500 258.099000
296.096000 134.344000 52.314300 141.340000
372.125000 223.647000 128.530000 227.650000
290.385000 45.188800 47.680100 50.000200
388.946000 233.013000 144.228000 235.241000
344.582000 244.127000 103.582000 249.473000
269.821000 233.699000 27.033900 244.792000
272.377000 159.618000 28.157100 166.872000
266.465000 210.799000 22.619500 220.945000
345.713000 69.353200 103.605000 77.571700
367.353000 269.130000 126.346000 271.535000
350.876000 32.675600 109.164000 43.118800
293.309000 253.747000 53.352800 263.358000
264.761000 156.484000 19.787300 163.868000
361.901000 271.166000 121.354000 274.093000
266.106000 209.527000 22.220600 219.603000
281.357000 161.971000 37.417000 169.674000
298.506000 164.626000 55.083500 172.197000
377.570000 208.520000 133.493000 212.639000
358.889000 241.273000 117.244000 245.564000
295.439000 260.897000 55.645400 270.661000
360.986000 211.293000 118.354000 215.938000
284.864000 231.196000 42.930000 241.393000
347.624000 104.951000 103.673000 112.811000
341.000000 153.803000 97.175400 160.973000
371.397000 242.862000 128.791000 245.907000
345.404000 219.108000 103.393000 224.905000
273.240000 172.229000 29.304200 180.263000
282.305000 227.103000 41.362100 236.379000
281.600000 160.902000 37.793900 168.266000
308.928000 231.054000 68.101000 239.316000
347.173000 156.774000 103.359000 163.704000
271.017000 175.025000 26.623800 183.428000
263.072000 158.489000 17.723600 166.120000
366.417000 155.348000 121.643000 161.952000
369.783000 210.230000 126.021000 214.808000
274.366000 161.311000 30.104400 168.962000
371.162000 142.392000 126.014000 149.557000
292.491000 263.817000 52.677800 273.975000
347.404000 236.422000 106.314000 241.655000
355.419000 219.840000 112.883000 225.032000
339.384000 149.112000 95.723200 156.470000
299.396000 250.701000 59.126800 260.040000
341.311000 152.154000 97.538000 159.284000
361.534000 143.566000 117.115000 150.714000
285.868000 172.810000 42.293800 180.674000
292.816000 253.293000 52.475500 262.974000
311.579000 150.757000 68.136200 158.028000
293.769000 160.311000 50.298300 167.934000
342.566000 242.975000 101.665000 248.439000
338.575000 244.849000 98.231600 250.579000
337.589000 146.730000 94.631000 153.473000
275.085000 255.813000 33.836100 267.504000
296.751000 263.444000 57.256600 273.016000
328.004000 59.515600 84.531800 67.564600
392.381000 237.071000 147.586000 238.935000
287.098000 243.010000 46.079000 253.166000
298.253000 165.311000 55.096300 172.980000
329.802000 166.819000 87.507400 173.365000
306.019000 30.926600 64.632400 37.177200
312.267000 144.008000 68.947000 151.087000
345.976000 171.889000 102.828000 178.337000
265.470000 159.763000 20.280200 167.262000
356.808000 147.325000 112.510000 154.531000
362.020000 215.172000 119.087000 220.214000
353.404000 142.414000 109.402000 149.401000
298.372000 263.414000 58.840000 272.904000
349.003000 155.541000 105.313000 162.572000
355.112000 142.909000 111.106000 150.081000
377.735000 148.761000 132.050000 155.676000
294.954000 161.677000 51.439000 169.149000
288.797000 154.694000 44.933400 161.987000
323.599000 155.618000 80.424200 162.749000
288.961000 165.269000 45.293700 172.887000
308.640000 261.917000 69.133900 270.198000
284.074000 158.295000 40.262200 165.843000
287.352000 268.013000 47.386800 278.914000
314.978000 241.579000 74.514500 249.283000
340.821000 229.821000 99.375100 235.725000
299.758000 144.570000 56.802900 151.527000
334.143000 153.018000 90.953300 159.956000
280.451000 250.143000 38.653700 261.669000
347.488000 249.337000 106.978000 254.214000
341.262000 239.291000 100.253000 244.924000
375.040000 286.305000 134.429000 286.799000
267.615000 209.103000 24.003500 219.224000
315.954000 135.394000 72.521600 142.447000
339.338000 152.760000 95.835800 159.761000
343.687000 162.020000 100.085000 168.908000
346.475000 156.203000 102.801000 163.325000
351.632000 168.208000 107.866000 174.785000
339.857000 222.359000 98.140500 228.465000
353.839000 160.517000 110.402000 167.101000
313.126000 237.268000 72.392000 245.158000
345.775000 247.267000 105.071000 252.208000
271.455000 242.571000 28.450600 254.450000
276.711000 211.156000 33.920000 220.588000
286.529000 212.157000 44.460000 221.029000
295.891000 215.179000 53.971900 223.874000
287.106000 173.162000 43.609700 180.994000
349.580000 152.122000 106.513000 158.775000
293.625000 109.602000 49.625700 116.011000
289.909000 260.807000 49.674000 271.320000
323.878000 214.794000 82.392700 221.815000
354.128000 143.275000 110.164000 150.461000
330.410000 225.591000 89.367700 232.333000
281.181000 162.855000 37.448400 170.506000
367.069000 153.787000 122.261000 160.673000
298.685000 256.762000 58.663600 265.983000
323.355000 28.840900 81.315600 37.249200
337.134000 159.255000 93.876700 166.152000
369.454000 143.463000 124.344000 150.688000
319.154000 250.302000 79.101800 257.623000
330.510000 242.963000 90.253700 249.139000
266.943000 169.821000 22.170600 178.022000
339.949000 221.284000 98.187200 227.393000
278.388000 217.342000 35.708600 227.070000
264.785000 249.061000 22.253400 261.529000
339.230000 142.625000 95.638300 149.998000
304.900000 87.794100 61.510100 94.314300
342.632000 196.417000 100.469000 202.670000
300.606000 144.087000 56.868200 151.204000
301.085000 167.189000 58.014300 174.615000
298.881000 168.235000 56.723100 175.429000
280.283000 163.053000 36.161800 170.913000
281.725000 254.821000 40.530300 265.841000
348.575000 219.411000 106.401000 224.999000
299.130000 249.704000 58.691000 258.857000
373.088000 207.103000 129.346000 211.579000
374.699000 93.977400 129.098000 103.032000
323.491000 266.963000 84.493800 273.833000
255.266000 241.781000 11.278900 254.810000
340.259000 229.108000 98.955200 234.913000
343.941000 236.624000 102.869000 242.283000
306.696000 135.008000 63.518300 142.033000
280.847000 159.130000 36.722600 166.535000
388.073000 233.795000 143.455000 236.380000
347.445000 20.428500 104.482000 31.395100
336.363000 91.563400 92.474000 99.444600
274.762000 223.833000 32.111100 234.008000
293.333000 248.136000 52.870200 257.553000
334.013000 153.769000 90.197300 161.079000
345.347000 208.098000 102.422000 214.512000
283.849000 255.702000 43.051900 266.684000
327.566000 150.267000 84.352200 157.304000
269.123000 205.316000 25.135600 215.139000
305.593000 257.031000 65.986500 265.727000
277.678000 243.230000 35.856500 254.073000
299.534000 171.307000 56.163100 179.046000
333.763000 244.956000 93.214900 251.095000
276.311000 234.756000 34.135300 245.309000
264.125000 155.240000 18.966100 162.655000
355.146000 218.855000 112.632000 224.359000
260.306000 165.028000 15.131700 172.904000
344.595000 228.544000 103.026000 234.113000
282.964000 259.948000 42.334600 271.131000
309.665000 50.667900 67.074300 57.191200
289.879000 145.882000 45.648500 153.037000
326.509000 232.910000 85.771100 239.588000
297.716000 145.664000 54.176700 152.946000
265.876000 229.230000 23.165000 240.246000
290.973000 259.519000 50.585500 269.689000
327.436000 243.492000 87.223000 249.930000
311.393000 263.881000 72.041800 272.196000
304.375000 88.552500 60.919700 95.081900
370.955000 148.551000 125.860000 155.549000
299.575000 170.793000 57.153800 178.243000
274.732000 170.192000 30.698100 178.246000
263.868000 210.119000 19.469100 220.512000
283.133000 226.817000 41.362100 236.379000
372.015000 218.975000 128.632000 223.144000
325.600000 164.162000 82.499300 171.279000
281.302000 135.340000 37.046800 142.083000
304.733000 278.488000 66.077100 287.532000
280.435000 149.977000 36.396700 157.197000
312.766000 243.670000 72.399800 251.513000
376.542000 226.369000 132.443000 230.108000
337.709000 159.507000 95.154800 166.234000
330.402000 232.773000 89.531100 239.213000
268.502000 209.847000 25.126200 219.897000
350.453000 160.037000 106.538000 166.817000
274.464000 243.984000 32.920700 255.095000
345.812000 142.029000 101.894000 149.159000
373.115000 218.225000 129.692000 222.291000
329.810000 244.999000 89.392800 251.420000
373.661000 276.870000 132.648000 278.135000
307.869000 148.109000 64.459500 155.235000
316.888000 207.831000 75.111200 215.255000
373.598000 213.505000 129.789000 217.913000
353.262000 40.742500 109.833000 51.126900
338.522000 145.506000 94.842000 152.627000
312.162000 151.774000 68.679600 159.044000
337.133000 225.788000 95.615800 232.002000
280.569000 165.665000 36.567200 173.292000
333.174000 167.565000 90.201200 174.408000
302.786000 264.220000 63.366200 273.364000
322.020000 29.609400 80.369800 37.509200
312.815000 236.534000 72.161000 244.315000
311.502000 144.546000 68.120500 151.618000
325.572000 209.418000 83.608100 216.536000
252.673000 213.926000 7.769220 225.133000
330.709000 167.132000 87.642200 174.111000
330.396000 22.061800 88.519900 31.107700
272.659000 251.742000 31.031800 263.558000
259.664000 226.932000 15.737800 238.651000
325.275000 143.134000 81.862900 150.246000
326.408000 206.814000 84.152800 214.043000
298.753000 257.570000 58.695700 266.827000
282.251000 244.275000 40.922800 254.998000
272.654000 252.426000 30.868000 264.422000
292.734000 222.824000 50.989400 231.846000
300.248000 149.212000 56.838800 156.588000
351.523000 147.977000 107.491000 155.260000
253.996000 225.932000 9.058490 237.879000
266.592000 239.390000 23.858000 251.226000
296.219000 178.711000 53.390300 186.377000
325.020000 160.292000 82.108600 167.243000
354.471000 221.728000 112.181000 226.755000
285.660000 144.557000 41.973200 151.231000
261.853000 237.582000 17.810200 249.916000
350.689000 142.539000 106.605000 149.615000
317.255000 150.419000 73.938900 157.564000
320.676000 274.821000 82.088700 281.965000
286.390000 160.650000 42.727100 168.319000
346.316000 150.782000 102.494000 157.736000
347.350000 158.160000 103.576000 164.984000
271.691000 224.277000 28.749800 234.694000
274.658000 256.942000 33.471200 268.357000
284.389000 47.679400 41.477700 52.180600
264.850000 155.420000 19.872500 162.811000
309.215000 270.708000 70.281500 279.201000
310.498000 139.398000 67.092800 146.373000
272.833000 166.509000 28.444200 174.526000
273.023000 171.693000 28.496500 179.739000
278.411000 150.862000 34.137800 158.194000
361.877000 141.826000 117.373000 149.117000
283.052000 243.741000 41.783400 254.363000
348.804000 158.023000 104.848000 164.902000
328.108000 141.213000 84.618400 148.337000
299.550000 145.537000 55.976600 152.897000
295.862000 134.975000 51.799800 141.846000
309.914000 258.503000 70.311200 266.536000
320.908000 140.502000 77.874000 147.373000
312.887000 246.422000 73.026700 253.908000
275.445000 170.832000 31.744800 178.775000
294.362000 267.224000 54.779500 277.338000
275.020000 153.541000 30.545100 160.989000
309.960000 263.763000 70.623200 272.221000
368.227000 218.220000 124.796000 222.560000
372.666000 207.755000 128.999000 212.254000
277.672000 168.189000 33.439600 175.986000
272.615000 227.679000 29.762100 238.258000
350.530000 274.173000 111.079000 277.571000
268.143000 173.918000 23.741400 182.248000
352.418000 40.701000 109.471000 51.202600
279.663000 167.653000 35.835500 175.239000
353.110000 170.621000 109.221000 177.122000
336.145000 244.364000 95.575700 250.209000
310.309000 264.721000 71.042900 273.133000
373.084000 241.726000 130.221000 244.667000
333.528000 247.168000 93.257400 253.095000
318.672000 242.911000 78.486400 250.064000
313.574000 152.731000 70.235100 159.916000
308.685000 253.118000 69.029200 261.470000
267.420000 208.496000 23.521300 218.435000
282.221000 160.351000 38.612600 167.892000
277.875000 162.821000 34.347900 170.321000
333.522000 243.378000 92.867400 249.556000
319.730000 227.967000 79.063700 234.935000
376.022000 215.681000 132.217000 219.749000
336.103000 154.288000 92.580700 161.326000
302.701000 261.400000 63.206400 270.060000
324.333000 244.633000 83.960300 251.503000
372.013000 208.128000 128.359000 212.702000
388.024000 242.720000 143.860000 244.763000
264.323000 223.755000 20.564900 234.731000
325.479000 140.608000 81.851300 147.805000
365.748000 236.523000 123.662000 240.323000
350.351000 275.140000 110.719000 279.240000
287.038000 161.174000 43.388300 168.887000
281.939000 147.117000 38.159300 154.165000
297.131000 42.858200 54.606200 48.241800
297.251000 164.670000 53.813400 172.162000
312.047000 236.224000 71.505300 243.923000
266.300000 269.219000 24.143700 283.138000
318.647000 248.280000 78.549700 255.546000
383.542000 55.599200 137.532000 67.239500
261.910000 231.757000 18.369400 243.219000
284.500000 163.194000 40.852800 170.946000
272.115000 243.516000 30.481300 254.761000
321.281000 278.522000 82.796100 285.675000
325.741000 205.500000 84.412700 212.424000
334.729000 165.962000 91.463400 172.902000
338.569000 197.172000 96.362600 203.387000
347.273000 155.322000 103.906000 162.288000
280.110000 233.857000 38.788300 243.986000
327.820000 178.563000 85.082100 185.517000
341.093000 154.721000 97.276100 161.795000
350.064000 70.415300 106.205000 79.345500
353.797000 216.880000 111.782000 222.147000
291.901000 255.922000 51.496800 265.778000
297.738000 252.104000 57.528900 261.218000
357.155000 221.460000 114.705000 226.740000
273.309000 248.030000 31.491300 259.730000
352.962000 218.885000 110.526000 224.161000
300.548000 147.553000 57.146100 154.916000
379.546000 229.152000 135.805000 232.468000
307.578000 145.949000 64.063400 153.045000
312.797000 219.896000 71.483300 227.538000
298.291000 250.047000 57.938300 259.585000
364.619000 243.319000 122.799000 247.048000
359.859000 243.124000 118.399000 247.216000
291.620000 184.332000 48.711100 192.258000
295.427000 157.823000 52.165100 164.945000
351.573000 162.050000 107.811000 168.605000
265.303000 262.046000 23.025300 275.480000
298.101000 257.363000 57.872300 266.758000
343.808000 243.886000 103.523000 249.026000
347.442000 246.609000 106.973000 251.504000
288.691000 223.966000 46.751500 233.280000
301.470000 263.583000 61.758500 273.103000
277.069000 221.862000 34.456200 231.784000
329.984000 234.207000 89.037000 240.731000
346.493000 229.786000 105.078000 235.441000
257.637000 233.495000 13.672300 245.838000
349.033000 154.530000 105.820000 160.917000
265.407000 240.533000 22.716000 252.487000
266.241000 231.592000 23.209700 242.634000
290.962000 251.994000 50.458100 261.734000
347.785000 149.914000 103.932000 156.810000
295.480000 199.960000 53.138500 208.168000
291.298000 229.575000 50.350000 238.818000
315.472000 86.838000 71.874800 93.713100
309.257000 263.478000 70.200600 271.765000
289.563000 176.360000 46.125900 184.247000
320.834000 219.030000 79.537300 226.136000
330.015000 244.338000 89.790800 250.489000
289.567000 166.088000 46.310000 173.847000
337.839000 217.913000 96.001300 224.141000
303.832000 264.644000 64.390800 273.801000
346.571000 220.043000 104.763000 225.929000
315.644000 145.531000 72.713900 152.347000
321.610000 150.464000 78.251900 157.579000
266.512000 208.472000 22.512200 218.442000
345.882000 149.974000 102.034000 156.925000
277.284000 205.652000 34.484100 214.660000
341.073000 231.717000 99.586300 237.563000
377.074000 219.485000 133.356000 222.794000
380.842000 147.903000 134.890000 154.905000
283.501000 259.533000 42.974000 270.649000
338.682000 146.201000 95.271000 153.097000
269.460000 145.129000 24.558200 152.157000
315.581000 155.417000 72.612000 162.834000
289.736000 259.762000 49.511800 270.302000
379.509000 149.129000 133.676000 156.105000
295.822000 247.847000 55.611100 257.312000
305.492000 154.267000 62.108500 161.445000
270.661000 160.363000 26.553400 167.858000
292.497000 144.850000 49.289100 151.871000
254.797000 266.115000 11.098200 281.311000
337.969000 218.888000 96.238300 225.020000
276.165000 153.575000 31.942900 160.973000
309.201000 50.008000 66.585000 56.445400
300.430000 167.690000 57.282300 175.098000
353.030000 223.223000 110.670000 228.425000
354.412000 142.569000 110.305000 149.483000
267.298000 234.500000 24.448500 246.083000
331.566000 225.286000 90.072800 231.897000
269.587000 224.717000 26.384600 235.319000
341.717000 215.166000 99.837200 221.034000
373.174000 239.940000 130.400000 243.282000
362.595000 238.120000 120.840000 242.106000
379.228000 217.445000 134.766000 221.148000
298.927000 256.187000 59.283400 265.445000
281.041000 144.171000 36.796200 151.331000
278.321000 168.867000 34.064700 176.687000
345.663000 163.719000 101.961000 170.485000
332.653000 169.235000 89.836000 175.939000
314.201000 138.443000 71.440100 145.499000
330.210000 153.872000 86.846000 160.900000
347.288000 57.405400 104.055000 66.501300
364.247000 149.814000 119.897000 156.746000
328.642000 221.525000 87.164100 228.267000
312.616000 223.906000 71.456600 231.554000
267.516000 210.161000 23.568900 220.209000
304.129000 259.921000 64.899900 268.638000
283.676000 162.615000 40.049100 170.345000
332.179000 232.315000 91.594100 238.252000
339.755000 155.196000 96.104000 162.172000
326.414000 143.946000 82.972500 151.012000
385.740000 215.517000 140.822000 219.223000
324.504000 234.471000 83.817900 241.232000
328.609000 244.627000 88.533300 251.305000
320.720000 141.392000 77.434700 148.359000
371.780000 56.636500 127.043000 67.356900
376.846000 216.144000 132.977000 220.200000
315.168000 156.417000 72.197600 163.403000
316.663000 279.767000 78.285900 287.455000
320.845000 56.713300 78.323800 63.926700
335.490000 160.005000 92.054500 166.969000
344.576000 209.013000 102.371000 215.340000
288.079000 169.819000 44.399400 177.521000
272.496000 170.473000 28.294700 178.657000
336.279000 248.269000 95.835200 254.018000
290.932000 252.768000 50.404900 262.549000
260.029000 223.223000 15.861400 234.384000
316.952000 86.939100 74.677600 93.785900
375.280000 143.447000 130.109000 150.473000
348.934000 166.454000 105.275000 173.006000
278.673000 147.663000 34.543100 154.839000
286.538000 71.160300 43.145400 76.277000
351.696000 216.890000 109.312000 222.207000
318.771000 152.736000 75.390900 159.884000
278.890000 200.548000 35.512800 209.604000
331.840000 26.466400 89.733800 35.447000
353.901000 166.881000 109.981000 173.333000
278.842000 167.766000 34.981900 175.776000
285.326000 230.489000 43.422800 240.225000
258.396000 270.238000 15.471600 285.158000
290.224000 260.542000 50.319500 270.854000
319.820000 243.781000 79.393500 251.015000
368.771000 239.184000 126.064000 242.607000
334.106000 277.875000 95.456900 283.556000
362.833000 225.867000 119.990000 230.290000
312.535000 223.105000 71.378800 230.713000
342.005000 159.578000 98.420400 166.413000
292.325000 169.028000 48.848900 176.616000
361.414000 144.671000 117.053000 151.889000
304.331000 210.548000 62.539100 218.541000
338.022000 224.969000 96.466800 231.029000
311.502000 144.546000 68.947000 151.087000
315.638000 148.967000 72.244200 156.066000
276.405000 233.733000 34.169900 244.157000
300.666000 249.104000 60.465400 257.814000
302.664000 163.797000 59.946000 171.298000
273.024000 232.110000 30.696700 243.074000
338.350000 162.118000 94.883000 169.003000
267.073000 237.762000 24.382400 249.511000
331.564000 154.144000 88.507600 161.435000
299.938000 252.351000 59.505300 261.475000
273.247000 248.765000 31.566800 260.465000
348.926000 147.686000 104.846000 154.673000
314.096000 196.326000 72.004900 203.672000
331.647000 238.844000 90.936200 245.079000
355.233000 275.038000 115.482000 278.513000
287.312000 264.499000 47.365400 275.287000
333.523000 244.110000 92.901300 250.207000
367.939000 237.641000 125.544000 241.477000
326.214000 234.827000 85.396500 241.546000
330.607000 271.046000 91.701600 277.238000
290.585000 168.837000 47.050200 176.429000
325.566000 207.892000 83.591100 214.893000
347.249000 219.037000 105.024000 224.679000
380.613000 221.530000 136.480000 225.214000
334.730000 140.580000 90.905800 147.772000
319.971000 163.022000 77.010800 170.043000
377.544000 216.977000 133.511000 221.096000
365.964000 206.313000 122.274000 211.169000
268.837000 243.631000 26.223200 255.766000
353.179000 149.293000 109.187000 156.555000
298.610000 166.230000 55.280000 173.660000
276.046000 246.663000 34.489400 258.035000
331.040000 153.806000 87.518200 160.888000
260.460000 222.770000 16.403300 233.799000
326.356000 202.669000 84.252600 209.599000
316.621000 163.459000 73.630300 170.549000
290.607000 275.033000 51.459700 285.610000
344.826000 132.308000 101.071000 139.896000
305.287000 254.820000 65.322900 263.281000
300.142000 135.347000 56.786800 142.418000
292.566000 260.840000 52.852400 270.882000
301.274000 32.187100 59.469500 37.891500
322.470000 278.362000 83.997600 285.427000
284.600000 170.531000 40.859400 178.228000
371.711000 227.810000 128.659000 231.762000
363.807000 244.351000 122.100000 248.162000
327.705000 226.540000 86.447200 233.267000
313.795000 94.604100 69.893700 101.456000
266.392000 212.218000 22.545300 222.313000
318.546000 244.328000 78.139100 251.652000
335.992000 159.431000 93.297700 166.407000
303.957000 250.758000 63.810600 259.266000
354.903000 144.686000 111.194000 151.784000
358.714000 242.370000 117.327000 246.624000
273.547000 233.954000 31.147200 244.553000
334.947000 166.671000 91.596700 173.594000
363.482000 243.218000 121.711000 247.145000
377.074000 219.485000 132.997000 223.696000
300.179000 177.343000 57.064000 185.025000
317.295000 244.282000 77.028100 251.582000
323.248000 215.788000 81.626800 222.843000
293.773000 211.172000 52.001500 220.045000
338.842000 151.074000 95.272100 158.534000
370.352000 149.081000 125.303000 156.184000
301.259000 269.267000 61.940800 278.839000
277.976000 156.852000 33.967400 163.883000
334.673000 164.407000 91.279800 171.353000
291.211000 254.203000 50.940100 263.806000
273.663000 160.514000 29.199200 167.836000
367.742000 219.183000 124.046000 223.724000
304.517000 255.816000 64.252300 264.631000
312.478000 225.085000 71.246900 232.799000
308.536000 239.483000 67.745100 247.677000
304.130000 159.297000 60.788300 166.528000
284.329000 206.038000 41.903800 214.709000
340.314000 157.463000 96.690600 164.358000
363.888000 245.156000 122.170000 248.984000
331.041000 22.496100 89.383600 31.445800
294.496000 272.564000 54.692300 282.677000
252.167000 223.692000 7.080960 235.413000
313.332000 141.887000 69.986400 148.809000
286.624000 263.361000 46.577300 274.227000
294.313000 171.000000 51.328100 178.356000
290.467000 170.375000 46.893100 178.028000
260.893000 258.862000 17.854500 272.200000
316.531000 147.785000 73.127700 154.843000
274.593000 224.498000 32.353000 234.872000
275.720000 256.485000 34.572900 268.292000
303.129000 148.524000 59.826100 155.972000
280.142000 268.694000 40.025700 280.353000
374.609000 222.927000 131.313000 226.743000
288.988000 222.216000 47.110900 231.302000
373.344000 219.636000 130.131000 223.595000
308.632000 203.964000 66.663300 211.639000
329.891000 233.529000 88.964600 239.947000
380.280000 281.277000 139.175000 281.361000
263.684000 158.535000 18.558200 166.238000
329.924000 154.894000 86.518900 161.907000
301.226000 163.894000 58.095800 171.117000
327.166000 218.843000 85.794300 225.489000
290.860000 158.176000 47.036800 165.476000
315.598000 141.575000 72.552800 148.888000
349.383000 110.110000 104.873000 117.969000
281.866000 162.683000 38.356100 170.359000
312.446000 226.880000 71.261400 234.613000
390.181000 205.727000 144.698000 209.552000
325.212000 147.735000 81.800800 154.763000
271.185000 204.852000 27.007300 214.644000
380.630000 204.227000 136.404000 208.338000
307.705000 152.351000 63.652100 159.818000
313.675000 246.606000 73.385800 254.290000
376.575000 214.968000 132.733000 219.116000
294.241000 171.599000 51.055600 179.086000
329.820000 237.835000 88.939500 244.323000
272.777000 227.847000 29.861500 238.981000
333.098000 277.016000 94.467600 282.849000
372.349000 270.875000 130.550000 272.687000
268.742000 144.715000 24.056600 151.648000
337.773000 145.432000 93.943700 152.532000
330.456000 21.407800 88.548400 30.388300
291.210000 151.108000 47.965800 158.394000
371.583000 247.069000 129.351000 250.187000
273.239000 268.694000 32.113500 281.554000
358.692000 146.593000 114.866000 153.598000
292.629000 136.750000 48.386900 143.551000
373.102000 240.687000 130.359000 244.089000
369.738000 238.175000 127.255000 241.870000
289.703000 222.973000 47.882400 232.021000
298.547000 148.994000 55.665000 156.169000
292.145000 158.425000 48.306300 165.753000
334.566000 231.624000 93.605700 237.571000
352.357000 50.957400 108.409000 60.803700
255.978000 163.323000 10.218800 171.335000
332.182000 236.028000 91.396200 242.151000
303.726000 174.710000 60.651100 182.222000
267.518000 212.023000 23.698800 222.052000
332.549000 244.653000 91.858800 250.873000
355.278000 147.794000 110.849000 155.315000
269.506000 143.875000 24.628600 150.901000
319.433000 222.626000 78.240300 229.756000
275.443000 243.430000 33.710800 254.767000
349.064000 168.253000 105.106000 174.932000
351.687000 16.903100 108.518000 28.368600
297.421000 273.729000 58.220200 283.804000
314.898000 154.867000 71.530300 161.996000
327.129000 219.743000 85.897600 226.278000
345.472000 209.731000 102.934000 215.666000
252.727000 213.052000 7.779110 224.350000
342.052000 152.978000 98.426700 159.804000
273.881000 158.467000 29.896100 165.984000
377.860000 284.469000 136.548000 284.579000
311.480000 152.086000 68.134600 159.146000
329.387000 277.592000 89.787600 284.197000
313.258000 238.283000 72.497900 246.037000
367.995000 215.894000 124.611000 220.100000
285.884000 165.925000 42.300300 173.897000
368.168000 206.675000 124.707000 211.702000
374.685000 154.555000 129.674000 161.220000
348.349000 156.438000 105.986000 162.802000
336.011000 246.282000 95.350300 252.131000
345.812000 222.057000 103.703000 227.716000
277.625000 212.691000 34.853300 222.022000
280.092000 250.845000 38.653700 261.669000
301.227000 278.934000 62.549100 288.524000
336.870000 148.400000 93.738100 155.685000
323.580000 50.885600 80.550900 58.526200
300.057000 168.661000 57.029700 175.944000
332.446000 243.469000 91.902100 249.523000
331.171000 226.977000 89.792900 233.472000
379.121000 217.876000 135.214000 221.695000
300.850000 222.200000 59.276600 230.607000
269.966000 144.359000 25.167100 151.405000
329.779000 242.936000 89.371000 249.126000
356.299000 269.064000 116.396000 272.508000
326.809000 161.002000 83.592800 167.977000
322.422000 165.603000 80.788700 172.348000
389.061000 148.335000 142.511000 155.182000
334.149000 224.463000 92.618600 230.769000
263.390000 255.523000 20.814600 268.788000
317.339000 164.283000 74.101500 171.477000
285.948000 226.169000 44.037700 235.556000
317.295000 163.822000 74.382100 170.806000
324.162000 270.098000 85.256700 277.119000
330.884000 153.021000 87.489600 159.967000
363.196000 221.805000 120.658000 226.548000
337.265000 277.260000 98.613900 282.562000
353.003000 41.600300 109.807000 51.719100
316.432000 278.756000 78.102100 286.472000
262.206000 229.007000 18.423600 240.292000
368.817000 159.030000 123.889000 165.945000
332.129000 25.592500 90.011200 34.575100
266.619000 238.255000 23.873500 250.162000
297.614000 152.819000 54.524800 160.225000
344.176000 208.187000 101.749000 214.114000
282.228000 244.914000 40.438600 255.518000
257.750000 215.643000 13.361700 226.234000
337.503000 221.790000 95.823800 227.863000
332.803000 157.573000 89.298200 164.560000
288.243000 222.669000 46.191300 231.886000
280.741000 243.853000 39.165400 254.957000
380.043000 143.796000 134.403000 150.897000
343.755000 242.876000 102.611000 248.187000
323.748000 164.540000 80.502200 171.627000
312.317000 151.011000 68.828300 158.117000
336.460000 221.332000 94.872200 227.410000
312.506000 269.232000 73.747600 277.340000
352.757000 217.367000 110.628000 222.985000
316.460000 155.623000 73.298600 162.616000
274.497000 247.112000 32.797400 258.748000
307.875000 169.578000 65.480100 176.459000
277.706000 157.432000 33.610300 165.102000
311.498000 164.787000 68.867900 171.668000
342.846000 230.760000 101.255000 236.374000
370.705000 239.261000 128.394000 242.666000
326.288000 234.118000 85.420900 240.769000
339.701000 157.045000 96.072900 163.910000
305.507000 221.291000 63.988400 229.388000
346.514000 149.008000 103.546000 155.942000
263.704000 169.890000 18.799300 178.239000
259.241000 163.409000 14.080700 171.292000
300.853000 177.609000 57.744800 185.231000
257.414000 262.176000 14.056200 276.791000
381.995000 153.460000 136.004000 160.315000
283.012000 161.643000 39.376300 169.413000
344.000000 222.441000 102.357000 227.863000
327.602000 153.645000 84.125400 160.684000
334.898000 218.562000 93.137600 224.860000
301.395000 252.043000 61.250600 261.453000
269.108000 145.944000 24.425800 152.994000
288.604000 166.800000 44.877900 174.962000
264.701000 144.544000 19.501800 151.550000
313.460000 86.747200 69.518400 93.539200
302.336000 167.809000 59.077100 175.184000
345.572000 229.485000 104.353000 235.201000
344.433000 70.575700 100.582000 79.147200
316.575000 277.954000 78.236200 285.646000
286.188000 262.914000 45.935500 273.271000
321.851000 277.305000 83.371000 284.495000
266.243000 251.032000 23.329400 263.422000
288.626000 264.288000 48.620000 275.128000
345.963000 151.485000 102.022000 158.362000
282.084000 176.732000 38.609100 185.126000
264.173000 170.252000 19.528400 178.503000
280.029000 222.660000 37.476000 232.413000
300.473000 171.186000 57.424500 178.541000
344.164000 72.077000 100.605000 80.471100
272.862000 231.495000 30.172500 242.069000
297.186000 258.160000 57.341200 267.940000
265.179000 92.138100 19.596800 96.786300
387.551000 243.708000 143.268000 246.131000
306.935000 220.064000 65.628000 227.869000
325.877000 151.865000 82.539000 158.824000
304.067000 149.125000 60.765800 156.659000
275.301000 244.255000 33.408000 255.821000
309.548000 233.307000 68.693500 241.152000
272.466000 228.665000 29.570800 239.189000
274.933000 245.892000 33.158500 257.499000
292.144000 254.773000 51.693500 264.430000
327.945000 221.932000 86.831500 228.320000
299.623000 163.847000 56.091800 171.239000
278.046000 205.274000 34.738000 214.472000
308.738000 208.901000 66.923700 216.574000
357.157000 222.349000 114.668000 227.824000
294.797000 265.139000 55.717000 274.833000
309.450000 200.459000 67.283300 208.062000
269.476000 212.921000 25.963600 222.769000
314.599000 240.451000 74.020700 248.000000
328.606000 223.646000 87.210700 230.251000
377.311000 218.634000 133.356000 222.794000
261.785000 252.626000 19.036200 265.836000
359.797000 143.102000 115.665000 150.382000
323.213000 160.843000 80.032900 167.829000
348.326000 170.624000 104.657000 177.084000
334.680000 219.413000 92.916000 225.731000
320.584000 232.889000 79.931200 240.532000
329.543000 153.627000 86.130000 160.580000
259.817000 162.967000 14.549600 170.918000
375.119000 152.062000 130.083000 158.830000
319.418000 138.775000 76.763200 145.932000
372.517000 281.258000 131.391000 282.250000
381.957000 156.919000 136.330000 163.411000
355.660000 213.060000 113.043000 218.800000
263.831000 103.202000 18.430100 108.158000
329.239000 154.909000 85.755800 161.915000
343.779000 18.099800 101.595000 28.520600
301.847000 224.470000 60.372800 232.820000
307.090000 151.710000 63.536500 158.811000
307.928000 146.959000 64.538400 153.870000
308.747000 210.217000 66.940500 217.920000
358.650000 219.977000 116.715000 224.790000
372.278000 141.859000 127.010000 149.297000
365.264000 243.659000 123.602000 247.308000
340.971000 206.107000 98.482100 212.290000
299.036000 252.464000 59.173300 261.839000
323.421000 269.496000 84.736000 276.414000
331.747000 156.209000 88.214200 163.906000
306.435000 152.908000 63.054900 159.930000
304.371000 209.299000 62.466900 217.208000
302.121000 170.357000 58.831400 177.810000
266.143000 230.050000 22.824700 241.030000
252.923000 229.896000 8.697440 242.237000
369.762000 240.192000 126.931000 243.445000
283.780000 157.547000 40.038900 165.235000
276.644000 206.227000 33.754200 215.191000
295.251000 225.981000 53.646900 234.775000
257.109000 229.545000 12.850300 241.904000
314.438000 220.027000 72.878100 227.609000
319.778000 56.610100 77.060600 63.699400
376.031000 230.129000 132.820000 233.665000
331.767000 166.697000 88.527100 173.561000
271.509000 247.484000 29.496900 259.509000
283.331000 275.664000 43.521300 287.477000
335.613000 238.595000 95.511000 244.571000
343.768000 219.295000 102.316000 225.308000
292.874000 145.354000 49.341900 152.702000
332.380000 154.866000 88.972000 161.753000
295.276000 225.150000 53.592800 233.956000
333.295000 165.729000 90.112600 172.498000
306.934000 30.902300 65.184100 37.122000
280.980000 160.558000 36.935800 167.784000
295.501000 211.970000 53.559700 220.302000
294.971000 180.163000 51.877900 187.866000
307.548000 134.107000 64.302900 141.374000
322.467000 162.363000 79.175800 169.432000
274.036000 151.364000 29.714900 158.756000
257.018000 228.474000 12.807600 239.961000
303.646000 200.652000 61.370900 208.497000
341.284000 166.742000 97.821000 173.395000
320.089000 242.673000 79.716900 249.661000
321.172000 150.930000 78.066000 158.476000
316.977000 222.537000 75.492000 230.776000
306.009000 241.570000 65.644500 249.569000
302.096000 254.572000 62.213500 263.882000
279.042000 144.402000 35.117300 151.464000
311.041000 285.921000 72.852800 294.511000
305.819000 263.765000 66.823700 272.482000
322.912000 161.218000 79.362400 168.421000
297.452000 221.851000 55.790400 230.384000
375.647000 231.903000 132.439000 235.493000
345.837000 75.968000 101.710000 84.487100
298.234000 40.067700 55.622500 45.453100
282.508000 259.173000 41.225300 270.291000
322.433000 31.033000 80.725300 38.761900
297.385000 164.066000 53.973100 171.352000
295.455000 210.518000 53.481000 218.797000
348.372000 148.859000 104.519000 155.589000
337.480000 220.813000 95.718500 226.886000
386.101000 161.203000 140.093000 167.469000
285.355000 205.977000 42.479400 214.842000
315.625000 140.114000 72.434700 147.573000
279.717000 226.571000 37.235200 236.490000
356.136000 215.281000 113.595000 220.937000
327.465000 67.123100 84.281100 74.638700
282.605000 228.165000 40.736900 237.665000
348.184000 76.788100 104.102000 85.336800
385.544000 227.790000 141.062000 231.057000
310.539000 207.953000 68.924400 215.331000
258.266000 269.538000 15.344700 284.540000
321.660000 161.664000 78.394700 168.706000
304.430000 263.190000 64.813000 271.704000
348.501000 167.847000 104.945000 174.198000
318.192000 163.844000 75.210900 170.794000
349.144000 155.873000 105.986000 162.802000
309.230000 153.273000 65.604500 160.436000
326.323000 225.041000 85.557100 231.302000
316.678000 224.631000 75.407000 231.983000
282.487000 176.442000 38.913900 184.180000
259.429000 237.042000 16.083900 249.418000
307.842000 31.196400 66.158200 37.471300
311.351000 237.185000 70.482500 245.036000
343.409000 229.623000 101.809000 235.104000
366.403000 146.008000 122.039000 153.082000
291.131000 212.259000 49.051400 220.794000
268.643000 256.068000 26.858800 268.700000
300.605000 148.226000 57.210500 155.778000
309.783000 242.334000 69.385900 250.116000
258.704000 144.125000 12.811000 151.160000
324.356000 233.395000 83.576600 240.049000
344.641000 244.209000 104.460000 249.358000
296.065000 258.264000 55.228300 268.169000
334.027000 139.518000 90.106500 146.645000
376.781000 217.673000 133.045000 221.768000
264.022000 228.430000 19.989300 239.768000
281.182000 251.206000 40.849400 261.879000
294.737000 273.520000 55.397900 284.014000
301.411000 221.239000 59.721800 229.584000
345.476000 145.259000 101.593000 152.118000
270.064000 145.934000 25.275000 153.136000
324.286000 167.068000 81.072700 174.090000
265.838000 235.572000 22.454000 246.999000
326.275000 221.387000 84.761700 228.159000
293.170000 169.439000 49.574000 176.978000
281.734000 229.155000 39.427300 239.049000
278.452000 141.071000 34.401300 148.050000
323.871000 218.826000 82.269500 225.772000
280.685000 145.574000 36.619900 152.845000
376.763000 242.626000 133.932000 245.603000
321.462000 274.538000 83.076200 281.639000
335.700000 151.192000 92.109600 158.862000
323.778000 271.018000 84.961000 278.127000
334.052000 226.383000 92.597600 232.582000
344.198000 218.713000 101.928000 224.532000
320.577000 166.244000 77.443600 173.274000
308.628000 36.105100 66.902900 42.352600
290.830000 248.909000 50.532500 258.099000
349.238000 249.570000 108.672000 254.582000
263.515000 163.448000 18.409600 171.551000
300.631000 134.802000 56.753200 141.514000
335.144000 154.681000 91.547900 161.584000
313.791000 164.852000 70.612000 171.978000
365.182000 245.113000 123.421000 248.931000
305.863000 239.315000 65.242300 247.395000
279.724000 229.081000 37.415000 239.011000
281.232000 223.316000 38.622200 233.061000
345.124000 210.120000 103.313000 216.264000
272.751000 245.444000 31.255100 256.929000
310.321000 263.250000 71.374900 271.545000
310.197000 220.468000 68.590000 228.288000
293.016000 170.915000 49.562600 178.417000
264.843000 145.182000 19.762300 152.242000
381.642000 243.019000 138.804000 245.139000
300.798000 169.922000 57.558100 177.284000
365.894000 218.471000 122.467000 222.861000
327.028000 244.860000 86.396500 251.469000
351.530000 203.585000 108.881000 209.802000
292.859000 222.219000 51.025200 231.023000
277.258000 251.963000 35.471900 263.148000
277.074000 209.686000 34.087200 218.880000
274.198000 164.898000 30.058200 172.949000
284.447000 157.909000 40.946200 165.547000
345.917000 144.282000 102.123000 151.066000
334.066000 165.326000 90.651100 172.172000
336.300000 57.671800 93.038300 65.981600
275.638000 213.332000 32.698900 222.731000
326.463000 219.042000 84.889000 225.769000
343.214000 208.603000 100.619000 214.653000
265.553000 256.701000 23.171800 269.970000
322.855000 218.829000 81.176000 225.886000
281.180000 138.994000 37.472100 145.851000
266.093000 91.529400 20.824500 96.192100
355.081000 105.657000 110.134000 113.741000
384.410000 280.414000 142.235000 279.898000
337.837000 57.370700 96.678600 65.826400
326.355000 219.928000 84.804600 226.663000
271.908000 161.803000 27.842300 169.579000
308.082000 34.948000 66.499800 41.116300
338.489000 58.766400 95.114900 67.200700
290.921000 231.130000 49.180200 240.409000
314.640000 263.204000 74.997200 270.793000
363.325000 73.340100 118.955000 83.317300
360.776000 71.466300 117.936000 80.854100
345.148000 207.824000 102.654000 213.608000
293.671000 221.742000 51.793500 230.510000
348.208000 225.942000 106.192000 232.132000
297.523000 201.163000 54.951300 209.329000
354.258000 210.108000 111.750000 215.975000
285.223000 159.119000 41.680200 166.865000
291.177000 210.918000 49.010700 219.404000
334.165000 277.114000 95.452900 283.042000
284.864000 231.196000 43.191400 240.625000
351.590000 165.614000 108.726000 172.162000
369.667000 141.869000 124.514000 149.443000
307.776000 237.250000 66.932100 245.274000
322.643000 269.633000 83.959100 276.725000
377.924000 244.641000 135.047000 247.484000
351.034000 235.248000 109.948000 240.376000
312.949000 208.646000 71.139600 216.033000
295.187000 267.964000 55.878500 278.097000
350.899000 153.044000 107.373000 160.220000
337.584000 236.836000 97.422300 242.699000
302.532000 180.367000 59.544900 187.896000
381.493000 165.954000 136.051000 172.133000
349.344000 235.687000 108.556000 240.761000
353.641000 269.124000 114.023000 272.857000
267.105000 91.957800 22.547600 96.495500
344.574000 219.684000 102.578000 225.206000
308.488000 166.552000 66.229900 173.164000
309.160000 232.695000 68.206900 240.515000
350.182000 33.036500 107.516000 43.187200
323.436000 167.848000 80.274300 174.824000
325.961000 248.815000 85.702600 255.287000
275.106000 255.903000 32.983300 267.701000
326.587000 223.120000 85.431500 229.573000
320.627000 167.314000 77.492600 174.321000
278.202000 245.513000 34.934500 257.329000
282.071000 145.743000 38.118500 153.057000
339.093000 153.817000 95.558200 161.412000
317.836000 167.284000 74.798800 174.278000
259.157000 244.948000 15.635500 257.278000
268.159000 92.237300 23.289900 96.988700
343.241000 154.945000 99.184100 161.863000
292.722000 175.371000 49.243400 183.033000
300.507000 221.749000 58.680200 230.205000
335.146000 273.434000 96.388800 279.179000
322.335000 217.333000 80.715700 224.302000
326.917000 221.199000 85.772800 227.563000
334.331000 247.602000 94.203600 253.029000
375.992000 142.585000 131.024000 149.668000
265.344000 150.480000 20.424200 157.826000
260.899000 160.250000 15.656400 168.152000
306.236000 254.804000 66.212900 263.035000
386.006000 162.071000 140.030000 168.369000
267.230000 213.847000 23.400100 223.867000
285.891000 159.994000 42.274800 167.857000
344.832000 229.685000 103.786000 235.458000
309.668000 151.894000 65.936600 159.026000
269.873000 164.077000 24.952100 171.548000
318.689000 170.525000 75.387700 177.726000
290.699000 259.848000 50.451800 270.605000
291.790000 174.426000 48.478000 181.936000
294.663000 226.817000 53.260600 235.427000
276.783000 147.474000 32.808100 154.686000
276.270000 275.160000 35.845600 287.969000
287.923000 268.071000 48.361000 278.949000
312.987000 30.760900 71.410200 37.484100
332.954000 250.104000 92.566000 255.977000
365.312000 246.104000 123.564000 249.951000
375.007000 235.527000 131.773000 239.317000
311.124000 209.224000 69.648600 217.392000
313.766000 156.279000 70.947200 163.858000
375.273000 142.453000 130.173000 149.688000
290.619000 254.163000 50.210000 263.706000
342.151000 165.831000 98.984700 172.152000
278.591000 251.590000 37.882900 262.772000
327.291000 225.230000 86.029000 231.744000
252.481000 272.849000 8.316310 289.392000
251.675000 262.819000 7.741840 278.168000
312.804000 164.629000 69.723700 171.639000
306.134000 171.389000 63.171200 178.553000
262.315000 227.537000 18.402600 238.645000
326.735000 150.776000 83.410700 157.587000
371.348000 56.524900 126.216000 67.178700
308.506000 225.593000 67.153800 233.443000
381.039000 148.505000 135.361000 155.532000
371.912000 219.810000 128.924000 223.976000
334.272000 217.702000 92.446900 223.941000
308.863000 35.409500 67.251500 41.605900
319.334000 162.710000 75.446500 170.098000
280.451000 250.143000 39.482400 261.376000
342.707000 19.079500 100.560000 29.232000
307.310000 37.154800 65.213800 43.271800
310.722000 238.318000 69.888900 246.128000
321.786000 217.046000 79.977500 224.155000
306.168000 220.602000 64.555800 228.554000
270.608000 144.145000 26.195600 151.176000
319.049000 223.341000 77.723200 230.435000
308.836000 223.612000 67.399800 231.414000
273.717000 141.752000 29.336200 148.796000
277.630000 214.685000 34.828000 223.990000
362.796000 72.410300 118.131000 81.723100
285.206000 158.004000 41.823400 165.669000
371.040000 288.322000 130.342000 289.012000
275.940000 211.910000 33.060100 221.103000
327.442000 149.735000 83.876400 156.656000
292.337000 172.047000 48.895000 179.507000
290.403000 174.276000 46.893200 181.857000
329.125000 147.006000 85.724900 154.740000
312.868000 166.422000 69.811100 173.433000
311.498000 164.787000 69.004100 172.385000
324.685000 168.504000 81.353800 175.521000
312.902000 165.441000 69.792900 172.461000
332.260000 149.079000 88.086300 156.293000
305.170000 35.305800 63.059600 41.238100
344.689000 228.748000 103.728000 234.492000
303.783000 227.883000 62.458700 236.038000
338.730000 147.024000 95.670900 153.443000
369.206000 209.715000 125.303000 214.083000
390.230000 214.133000 145.131000 217.610000
380.939000 281.654000 139.175000 281.361000
320.404000 168.247000 76.359400 175.808000
323.995000 160.538000 80.381600 167.636000
345.436000 236.603000 104.734000 242.139000
284.329000 206.038000 41.125400 215.023000
350.699000 33.540400 107.964000 43.671500
297.943000 149.765000 54.891600 157.227000
300.209000 209.875000 58.329900 217.793000
328.276000 219.886000 86.873000 226.275000
288.565000 147.719000 44.853300 155.247000
320.389000 224.191000 78.991300 231.265000
333.433000 206.030000 91.598100 212.116000
346.967000 223.064000 105.403000 229.037000
260.526000 156.476000 15.356600 164.128000
323.202000 214.862000 81.387700 221.806000
319.557000 163.471000 76.285400 170.463000
290.523000 229.503000 48.790800 238.615000
287.621000 164.390000 44.063600 172.493000
316.309000 225.616000 75.060900 232.884000
272.144000 247.325000 30.655100 259.060000
314.899000 239.975000 74.299700 247.331000
321.615000 170.202000 78.411000 177.223000
346.641000 238.613000 106.032000 243.961000
291.816000 151.210000 48.694100 158.642000
323.353000 32.065400 81.198800 39.838000
295.257000 227.344000 53.648100 236.062000
303.492000 225.651000 62.250400 233.640000
347.856000 149.182000 103.525000 157.097000
380.115000 223.812000 136.306000 227.519000
375.356000 222.299000 132.204000 226.132000
294.585000 280.085000 55.737500 290.690000
302.811000 171.827000 59.449200 179.228000
282.500000 186.221000 38.688800 194.492000
332.489000 216.304000 90.708500 222.585000
262.048000 232.801000 18.397700 244.110000
312.116000 153.425000 67.912600 160.817000
359.909000 225.615000 117.451000 229.767000
380.516000 170.455000 135.091000 176.656000
302.482000 206.182000 60.222700 214.129000
326.195000 223.152000 84.746100 229.801000
280.438000 228.536000 38.015200 238.389000
322.798000 233.698000 82.848600 240.775000
303.916000 226.398000 62.496700 234.530000
359.681000 71.946300 116.057000 80.753400
307.698000 165.570000 64.501900 172.658000
380.701000 279.230000 138.638000 279.311000
381.608000 280.386000 139.580000 280.220000
357.480000 225.738000 115.445000 230.968000
277.957000 212.106000 35.599900 220.906000
321.614000 233.850000 80.706300 240.710000
317.720000 242.141000 77.177500 249.290000
258.596000 151.983000 12.967100 159.502000
349.492000 248.288000 109.164000 253.156000
309.160000 232.695000 68.693500 241.152000
265.465000 255.747000 23.060800 269.067000
280.237000 144.121000 36.936100 151.044000
324.939000 202.518000 82.521400 209.489000
317.033000 223.419000 75.492000 230.776000
290.647000 228.346000 48.917100 237.362000
328.528000 214.644000 86.522100 221.348000
297.984000 171.650000 55.537200 178.477000
273.427000 163.406000 29.284300 171.459000
377.061000 281.808000 135.658000 281.923000
334.981000 139.556000 90.945300 146.613000
345.054000 76.357500 100.938000 84.694200
290.221000 172.551000 46.688800 180.031000
309.814000 223.730000 68.423400 231.403000
259.217000 149.782000 13.479900 157.253000
381.785000 152.495000 136.292000 159.242000
301.979000 208.689000 60.157400 216.423000
291.524000 253.316000 50.933000 262.837000
307.961000 264.370000 69.155100 272.942000
348.836000 146.858000 105.041000 154.453000
305.114000 175.263000 61.949700 182.612000
292.740000 172.776000 49.233400 180.262000
354.596000 59.085400 110.397000 68.533500
290.247000 171.600000 46.757900 179.005000
376.508000 146.591000 131.454000 153.645000
379.895000 233.908000 136.590000 237.066000
370.427000 226.748000 126.630000 230.677000
291.298000 229.575000 49.393000 238.756000
368.587000 238.036000 125.544000 241.477000
337.497000 80.406400 93.286500 88.355800
354.278000 58.340800 110.355000 67.708000
262.317000 137.331000 17.110100 143.991000
326.737000 145.701000 83.638500 152.281000
332.556000 203.366000 90.158200 209.858000
325.286000 207.303000 83.035600 214.217000
362.293000 228.555000 120.225000 233.230000
346.965000 21.092900 105.429000 31.318500
346.621000 243.745000 106.524000 248.737000
311.724000 167.445000 68.705500 174.411000
255.445000 160.020000 9.558050 168.069000
288.302000 163.302000 44.823200 171.369000
281.501000 138.921000 37.379700 145.093000
249.572000 221.874000 4.415590 234.273000
330.740000 169.700000 87.557500 176.400000
306.149000 208.441000 64.378800 215.955000
318.552000 224.523000 77.512700 231.382000
330.578000 236.681000 89.832200 242.662000
330.423000 167.988000 87.428500 174.553000
279.541000 257.541000 38.813200 269.224000
377.969000 245.384000 135.064000 248.395000
301.790000 279.238000 63.456000 288.755000
337.486000 149.915000 94.039100 157.619000
328.748000 143.309000 84.759100 150.355000
358.646000 154.544000 114.497000 161.879000
303.351000 133.770000 60.094500 141.126000
300.773000 161.604000 57.949900 169.401000
333.330000 203.924000 90.804200 210.442000
262.295000 228.105000 18.423600 240.292000
375.724000 278.838000 134.121000 279.409000
323.951000 230.003000 83.480700 237.384000
310.307000 153.159000 66.322000 160.348000
287.011000 262.225000 47.298300 273.034000
306.864000 264.231000 68.651700 272.411000
291.792000 281.641000 52.924000 292.675000
253.565000 151.042000 7.319000 158.580000
306.840000 246.639000 67.106000 254.049000
306.864000 264.231000 67.996000 273.006000
331.670000 220.814000 89.846100 227.207000
276.399000 207.252000 33.352800 216.163000
379.428000 231.054000 135.790000 234.709000
376.899000 279.388000 135.167000 279.836000
340.606000 19.569700 98.141600 29.479400
370.179000 226.326000 127.346000 230.674000
380.443000 206.532000 136.393000 210.797000
302.381000 220.579000 60.475100 228.815000
327.672000 225.830000 86.369000 232.227000
306.724000 258.152000 66.472300 266.556000
297.748000 173.217000 54.789100 180.345000
349.858000 277.195000 110.034000 280.665000
306.850000 35.326300 64.367100 41.424800
309.741000 154.277000 65.723000 161.492000
379.572000 209.422000 136.001000 213.328000
291.919000 229.955000 50.350000 238.818000
273.935000 169.534000 30.103900 177.833000
276.549000 162.749000 32.801000 170.714000
338.169000 21.868000 96.255000 31.305000
310.826000 168.960000 67.903100 175.861000
270.804000 145.747000 26.204600 153.069000
324.571000 203.435000 82.313700 210.246000
348.322000 248.575000 108.252000 253.451000
271.455000 242.571000 28.352100 255.301000
354.570000 17.416200 111.621000 28.797900
294.496000 272.564000 55.482300 282.961000
285.941000 164.175000 42.248400 172.417000
254.797000 266.115000 11.007000 280.492000
272.764000 255.636000 31.723600 267.748000
272.743000 230.266000 29.851600 240.623000
343.436000 242.034000 102.851000 247.919000
308.864000 241.393000 68.110100 249.255000
389.061000 148.335000 143.256000 154.952000
324.292000 206.937000 82.147900 213.746000
264.804000 257.859000 22.224600 271.615000
308.041000 151.949000 64.157400 158.998000
284.614000 206.953000 41.860800 215.552000
339.675000 19.656400 98.912900 29.078500
348.525000 246.597000 108.603000 251.299000
367.917000 152.618000 123.099000 159.972000
348.922000 236.450000 107.942000 241.967000
280.481000 274.909000 40.387800 287.368000
301.514000 209.247000 59.698100 216.915000
264.534000 175.538000 19.784500 184.476000
330.370000 150.108000 87.100100 157.897000
309.710000 224.567000 68.288500 232.196000
265.414000 141.101000 20.549800 148.064000
303.211000 164.605000 60.624500 172.419000
266.260000 141.353000 21.442100 148.354000
301.683000 171.217000 58.304700 178.490000
314.389000 265.641000 75.797900 273.589000
283.794000 276.035000 44.460200 287.721000
305.016000 155.100000 61.218900 162.144000
340.471000 19.407300 98.912900 29.078500
272.912000 142.361000 28.621300 149.493000
359.215000 65.854500 113.064000 75.815500
295.153000 178.189000 52.524600 185.256000
313.717000 33.559800 72.340800 40.079100
292.566000 260.840000 53.602600 270.649000
373.640000 210.687000 130.050000 215.454000
325.133000 169.325000 81.720900 176.247000
273.006000 96.382000 28.456400 101.733000
280.371000 212.433000 37.899700 221.181000
269.253000 276.122000 28.134100 290.143000
365.197000 200.489000 121.460000 205.105000
308.605000 135.434000 65.274800 141.837000
295.195000 23.586800 53.015300 28.486600
272.979000 274.532000 32.203300 287.965000
309.137000 36.356800 67.634600 42.385700
362.941000 271.236000 122.836000 274.158000
361.649000 71.491900 118.833000 81.097100
351.682000 170.392000 108.220000 176.205000
296.715000 176.207000 52.977600 183.867000
342.748000 18.460200 100.773000 28.464600
288.241000 255.172000 48.754300 265.355000
282.118000 146.380000 38.126600 153.943000
336.161000 223.321000 95.128800 230.070000
360.095000 145.502000 115.993000 153.003000
327.673000 224.515000 86.326100 230.839000
337.683000 20.535900 95.622300 29.971200
275.355000 224.386000 32.380300 234.301000
340.817000 250.727000 100.756000 256.667000
367.560000 287.021000 126.970000 288.091000
324.663000 26.477800 82.816600 34.365800
328.974000 277.767000 90.763900 284.192000
318.433000 169.120000 75.544100 175.823000
381.123000 143.374000 135.909000 150.471000
366.990000 210.262000 123.167000 214.631000
359.874000 242.334000 118.629000 246.745000
364.485000 244.338000 123.211000 248.090000
285.352000 132.328000 41.703700 139.314000
272.603000 275.125000 31.729500 288.736000
359.014000 226.082000 116.724000 231.530000
359.534000 156.002000 115.434000 163.340000
344.656000 162.551000 100.672000 169.109000
273.666000 142.508000 29.572200 149.623000
365.041000 72.684300 119.299000 82.307500
391.207000 228.324000 146.566000 231.091000
336.300000 57.671800 93.618200 65.557800
346.557000 220.339000 103.968000 225.907000
323.811000 208.040000 81.658700 214.835000
320.396000 269.456000 82.023400 276.794000
387.892000 143.302000 141.758000 150.550000
284.620000 207.463000 41.496800 216.274000
333.730000 204.850000 91.082200 211.327000
303.976000 224.766000 62.643000 232.569000
270.560000 211.498000 27.255500 220.764000
324.203000 249.665000 83.688700 256.289000
270.813000 247.093000 29.424200 258.966000
300.463000 252.386000 60.101000 260.938000
311.969000 237.053000 71.037400 244.578000
301.345000 145.345000 58.350400 152.906000
280.923000 179.422000 37.493200 186.905000
380.280000 281.277000 138.614000 280.757000
350.437000 16.294200 107.976000 27.196600
264.125000 155.240000 19.806400 162.736000
265.601000 238.881000 23.101700 251.061000
342.727000 231.342000 102.144000 237.232000
280.325000 150.534000 36.554600 158.144000
276.109000 247.585000 34.269100 258.223000
355.280000 210.767000 112.675000 216.914000
308.009000 167.761000 65.021100 174.593000
322.826000 152.142000 79.773600 159.982000
346.965000 21.092900 104.482000 31.395100
318.152000 170.261000 75.163500 177.015000
304.721000 173.367000 61.827000 180.318000
258.591000 150.910000 12.866600 158.582000
353.308000 206.103000 110.853000 212.322000
287.699000 209.366000 44.876700 218.010000
294.400000 267.457000 55.431000 277.626000
293.352000 159.075000 49.801300 165.891000
263.916000 162.500000 18.936900 170.787000
290.620000 226.462000 48.985600 235.098000
316.139000 223.782000 74.477900 231.095000
324.162000 270.098000 84.736000 276.414000
260.893000 258.862000 18.419700 272.823000
360.157000 65.525900 113.064000 75.815500
330.898000 147.006000 86.639700 154.046000
280.602000 226.859000 38.090100 236.435000
335.350000 148.407000 92.084300 156.214000
343.449000 17.759500 101.536000 27.784600
266.300000 269.219000 24.961200 283.046000
295.065000 22.598600 52.905600 27.410100
274.075000 96.305000 29.881000 101.696000
287.777000 263.480000 48.030800 274.537000
316.967000 32.315500 75.111200 39.202800
360.452000 223.302000 116.750000 228.246000
343.017000 148.877000 98.820300 155.621000
308.578000 171.529000 65.873300 178.232000
303.903000 269.203000 65.369200 278.379000
307.589000 38.497700 66.258700 44.200500
342.063000 154.908000 97.683500 161.761000
308.191000 243.038000 67.608600 250.718000
339.167000 16.002700 97.784900 25.587300
289.265000 231.144000 47.596600 240.066000
310.909000 173.854000 67.152200 181.237000
276.116000 212.697000 33.622300 222.948000
307.755000 35.620600 66.317600 41.407100
308.693000 268.784000 70.418600 277.295000
378.025000 247.322000 135.130000 250.562000
331.169000 234.819000 91.272900 241.431000
273.290000 269.083000 32.307500 282.376000
373.743000 146.452000 127.913000 154.459000
307.071000 134.337000 63.591000 142.108000
380.070000 226.789000 136.153000 230.893000
268.322000 93.031500 23.746300 98.026900
309.201000 50.008000 67.074300 57.191200
296.319000 175.162000 53.648800 181.990000
290.503000 169.817000 47.400900 176.674000
376.966000 243.133000 134.167000 246.509000
289.631000 229.451000 47.998400 238.205000
343.907000 68.129800 100.512000 76.186500
327.431000 216.142000 85.879700 222.303000
277.665000 157.760000 33.545300 165.908000
367.435000 150.921000 122.618000 158.534000
262.225000 259.479000 20.073400 273.306000
280.257000 210.196000 38.813500 217.928000
387.743000 147.864000 141.815000 154.913000
381.932000 215.847000 137.977000 219.895000
311.949000 142.363000 68.686200 150.284000
381.882000 224.069000 137.974000 227.958000
291.177000 209.905000 48.980400 217.950000
339.441000 246.443000 99.545700 252.497000
255.881000 133.933000 10.116700 140.512000
261.430000 255.711000 18.762100 269.650000
273.114000 165.764000 28.444200 174.526000
362.328000 72.961400 118.131000 81.723100
322.835000 211.220000 80.819900 217.885000
351.001000 17.232900 108.590000 27.991600
296.569000 177.341000 53.327300 184.552000
364.899000 11.722500 121.652000 24.254300
327.930000 154.613000 84.647900 161.036000
271.138000 243.480000 28.450600 254.450000
363.709000 11.458500 120.293000 23.939000
305.525000 261.468000 65.777500 269.392000
292.858000 264.602000 54.095200 274.687000
266.755000 232.711000 24.045200 244.710000
313.107000 238.043000 72.392000 245.158000
357.255000 14.068000 114.135000 25.719400
360.181000 14.306000 116.984000 26.209300
310.706000 269.733000 72.425200 278.216000
298.089000 250.604000 58.351300 260.395000
289.992000 228.115000 48.315100 236.734000
370.429000 150.252000 124.279000 158.675000
298.049000 23.228800 55.909700 28.255500
264.250000 211.947000 20.376600 221.410000
382.584000 159.567000 136.789000 166.586000
260.410000 258.066000 17.854500 272.200000
359.055000 222.031000 117.009000 227.485000
364.019000 245.425000 122.498000 249.752000
308.588000 134.859000 65.235000 141.033000
330.292000 243.041000 90.783400 249.729000
350.701000 17.266900 107.751000 28.072800
303.563000 145.867000 60.384700 153.767000
324.130000 157.079000 80.723000 165.361000
346.675000 20.306400 104.494000 30.397200
295.639000 263.662000 54.090200 273.981000
291.609000 247.357000 50.864000 256.240000
377.578000 283.530000 136.039000 283.204000
287.400000 162.323000 44.026500 170.616000
257.615000 152.067000 12.711500 159.544000
318.518000 156.309000 76.450700 163.856000
310.532000 151.940000 66.106800 159.026000
287.400000 162.323000 44.026500 170.616000
