309.496000 286.245000 194.701000 189.358000
188.685000 271.478000 76.143500 178.953000
238.448000 257.519000 125.033000 163.548000
171.929000 156.184000 55.067300 61.635200
335.194000 201.988000 220.250000 108.422000
262.331000 252.332000 148.546000 157.984000
276.278000 233.128000 161.449000 138.971000
245.177000 262.762000 131.856000 168.512000
335.306000 201.424000 219.854000 107.831000
322.030000 203.716000 206.585000 110.068000
145.307000 284.578000 32.780100 194.215000
252.140000 260.552000 139.092000 166.316000
323.499000 231.817000 207.536000 137.171000
190.128000 267.866000 77.516200 175.336000
299.666000 250.859000 186.094000 156.123000
308.172000 236.195000 192.828000 141.567000
287.257000 210.991000 171.951000 117.256000
230.214000 263.303000 117.089000 169.447000
195.099000 267.374000 82.431900 174.629000
222.804000 266.714000 109.836000 173.005000
334.225000 283.714000 218.426000 186.409000
247.923000 257.046000 134.560000 162.898000
307.639000 241.883000 192.653000 147.101000
297.325000 244.171000 182.526000 149.427000
164.511000 219.446000 49.212900 127.138000
196.334000 268.895000 83.566600 176.055000
243.379000 261.199000 129.951000 167.022000
299.648000 243.322000 184.857000 148.590000
239.889000 261.527000 126.465000 167.377000
206.957000 279.110000 94.301900 185.597000
285.830000 247.237000 171.793000 152.665000
262.427000 253.497000 149.069000 159.201000
336.467000 229.653000 220.405000 135.039000
164.755000 221.143000 49.548300 128.831000
322.187000 210.105000 207.095000 116.342000
281.079000 246.789000 166.804000 152.277000
310.281000 212.825000 195.160000 118.967000
157.870000 281.711000 45.688000 190.767000
325.402000 223.617000 209.855000 129.308000
227.266000 209.689000 110.833000 116.211000
288.906000 247.381000 174.257000 152.624000
320.507000 233.188000 204.637000 138.543000
193.487000 271.702000 81.181700 179.110000
167.141000 281.846000 55.115900 190.366000
239.745000 268.663000 127.776000 174.764000
287.845000 218.219000 173.153000 124.428000
284.526000 240.188000 170.405000 145.844000
200.562000 269.476000 87.889300 176.519000
272.025000 249.674000 158.445000 155.292000
220.024000 269.172000 107.396000 175.549000
213.356000 268.618000 100.893000 175.276000
235.465000 261.538000 122.272000 167.547000
322.731000 241.018000 208.127000 146.215000
259.900000 253.252000 146.646000 159.023000
236.938000 259.479000 123.769000 165.525000
245.215000 255.466000 131.891000 161.413000
308.723000 242.825000 193.819000 147.996000
273.521000 255.877000 160.561000 161.490000
255.873000 254.722000 142.832000 160.642000
281.477000 218.281000 166.838000 124.540000
272.832000 249.718000 158.881000 155.299000
318.859000 236.127000 203.354000 141.374000
217.152000 280.366000 104.630000 186.501000
191.516000 271.184000 79.201000 178.609000
315.972000 240.499000 200.739000 145.714000
342.950000 223.890000 227.985000 129.650000
253.457000 250.813000 140.573000 156.939000
331.058000 230.145000 215.019000 135.477000
251.639000 261.551000 138.895000 167.347000
274.772000 256.500000 161.531000 161.921000
276.334000 244.353000 161.880000 149.874000
288.120000 242.917000 173.696000 148.364000
281.548000 219.244000 167.003000 125.417000
163.033000 277.124000 50.493400 185.780000
298.945000 238.510000 184.218000 143.949000
275.996000 217.784000 161.311000 124.004000
173.112000 156.486000 56.018900 61.947000
185.465000 270.336000 72.877900 177.904000
286.172000 248.968000 171.420000 154.228000
331.812000 201.892000 216.186000 108.321000
172.433000 218.250000 57.377600 125.729000
339.635000 284.585000 222.646000 186.866000
329.740000 202.553000 214.415000 108.990000
279.579000 230.874000 164.191000 136.698000
184.421000 273.544000 71.846200 181.190000
173.112000 156.486000 56.934700 61.871500
199.006000 270.029000 86.357100 177.146000
202.916000 266.540000 90.171300 173.463000
217.883000 265.515000 104.855000 171.894000
139.175000 283.233000 26.423900 193.164000
284.898000 249.847000 170.666000 155.216000
345.148000 285.658000 227.888000 187.752000
283.268000 252.963000 170.026000 158.378000
324.925000 203.334000 209.926000 109.683000
247.586000 263.636000 135.031000 169.494000
319.264000 201.049000 204.021000 107.437000
195.535000 268.903000 82.966900 176.099000
336.662000 228.811000 220.654000 134.162000
311.371000 286.943000 196.201000 189.813000
281.002000 248.956000 167.028000 154.358000
241.622000 257.940000 128.062000 163.786000
273.517000 247.992000 159.570000 153.528000
310.348000 286.695000 195.393000 189.660000
157.172000 282.162000 44.880900 191.230000
222.266000 267.248000 109.377000 173.492000
246.801000 257.539000 133.287000 163.306000
192.918000 268.093000 80.248000 175.357000
174.180000 273.751000 61.719400 181.937000
160.910000 278.277000 48.408000 186.936000
325.121000 288.072000 209.369000 190.657000
259.961000 254.402000 146.758000 160.115000
190.210000 273.457000 77.854100 180.978000
308.585000 241.446000 193.584000 146.754000
245.187000 260.926000 131.591000 166.580000
311.887000 239.332000 196.788000 144.541000
288.113000 216.673000 172.877000 122.884000
344.777000 190.279000 228.904000 97.038600
248.063000 256.369000 134.705000 162.184000
239.333000 262.799000 126.387000 168.721000
163.859000 221.652000 48.638800 129.316000
342.315000 224.169000 225.219000 129.520000
350.257000 189.542000 234.934000 96.217300
339.084000 227.319000 222.891000 132.823000
180.540000 271.050000 67.852100 178.900000
266.763000 252.449000 152.639000 158.017000
263.517000 257.758000 149.574000 163.236000
277.098000 258.409000 164.848000 164.114000
317.666000 236.662000 202.258000 141.872000
302.378000 239.856000 187.522000 145.156000
251.780000 256.832000 138.368000 162.702000
241.521000 263.335000 128.193000 169.223000
316.376000 285.842000 200.907000 188.765000
304.060000 238.345000 189.138000 143.673000
244.013000 256.605000 130.369000 162.563000
273.324000 248.646000 159.162000 154.253000
318.117000 207.912000 203.115000 114.286000
294.740000 239.690000 180.215000 145.294000
171.968000 277.368000 59.869100 185.612000
170.956000 156.353000 55.067300 61.635200
272.358000 254.198000 158.392000 159.499000
164.019000 278.544000 51.432200 187.139000
263.802000 253.165000 150.462000 158.974000
304.461000 243.368000 189.491000 148.484000
322.727000 204.353000 207.074000 110.758000
206.889000 283.440000 94.641300 189.889000
299.087000 245.381000 185.068000 150.669000
280.368000 251.521000 167.228000 157.012000
203.457000 266.150000 87.983900 172.145000
298.742000 244.363000 183.854000 149.505000
370.359000 289.727000 250.440000 190.674000
296.579000 246.170000 181.910000 151.496000
266.971000 251.500000 152.966000 157.147000
234.637000 261.817000 121.341000 167.934000
259.752000 251.701000 146.572000 157.673000
280.825000 219.332000 166.243000 125.448000
155.919000 278.567000 43.422400 187.711000
311.279000 213.049000 196.401000 119.138000
344.562000 285.785000 227.106000 187.867000
164.311000 220.183000 49.487400 127.888000
346.669000 286.145000 228.860000 188.087000
239.747000 263.552000 126.976000 169.468000
271.209000 251.697000 157.157000 157.067000
281.122000 247.954000 166.811000 153.471000
237.851000 265.424000 124.770000 171.429000
295.072000 213.040000 180.094000 119.173000
318.487000 289.826000 202.952000 192.484000
282.848000 223.993000 168.264000 130.180000
333.939000 228.691000 217.845000 133.997000
304.150000 213.798000 190.107000 120.196000
281.800000 245.955000 167.569000 151.343000
328.532000 234.439000 212.788000 139.587000
250.992000 256.229000 137.542000 161.925000
284.299000 249.353000 170.684000 154.731000
192.134000 266.227000 79.485400 173.516000
222.767000 265.980000 109.868000 172.425000
340.832000 224.293000 224.685000 129.958000
246.402000 207.129000 133.828000 113.903000
229.334000 264.270000 116.286000 170.305000
269.298000 246.706000 155.665000 152.360000
273.444000 250.703000 159.430000 156.072000
298.141000 243.824000 183.272000 149.204000
297.096000 247.498000 182.784000 152.871000
157.206000 221.481000 42.183600 129.337000
271.927000 256.940000 158.424000 162.479000
139.303000 226.920000 23.521400 135.516000
304.405000 212.197000 190.261000 118.397000
199.629000 270.682000 86.874400 177.790000
304.008000 241.171000 189.102000 146.358000
319.383000 238.747000 203.880000 144.043000
246.877000 256.818000 133.536000 162.596000
244.632000 260.364000 131.218000 166.050000
316.762000 237.986000 201.432000 143.119000
290.387000 213.963000 174.965000 120.016000
272.769000 251.257000 158.790000 156.618000
163.994000 277.970000 51.323200 186.299000
282.985000 239.761000 168.551000 145.285000
334.319000 191.475000 218.851000 98.013400
348.290000 286.507000 229.712000 188.220000
257.999000 256.740000 144.482000 162.258000
308.483000 216.935000 194.006000 123.203000
349.586000 189.658000 233.422000 96.487000
283.561000 249.240000 169.728000 154.560000
315.116000 286.820000 199.689000 189.764000
280.548000 247.487000 166.327000 153.079000
339.497000 230.375000 223.454000 135.832000
280.544000 241.980000 167.160000 147.676000
288.738000 248.179000 174.188000 153.577000
197.468000 213.695000 82.839900 120.673000
321.470000 241.510000 206.236000 146.743000
253.975000 254.516000 140.412000 160.158000
247.882000 257.832000 134.509000 163.534000
309.987000 237.027000 194.772000 142.252000
261.215000 247.816000 147.683000 153.832000
281.995000 248.479000 167.942000 154.064000
166.537000 281.148000 54.231600 189.751000
328.306000 200.001000 213.038000 106.327000
288.136000 244.105000 173.786000 149.429000
314.713000 235.367000 199.719000 140.938000
232.310000 269.981000 121.159000 176.409000
297.138000 248.195000 182.925000 153.588000
201.657000 264.041000 89.036100 171.015000
209.832000 264.816000 96.851500 171.671000
251.747000 264.897000 139.395000 170.596000
322.687000 236.238000 207.016000 141.609000
151.614000 280.299000 38.953500 189.652000
162.973000 224.598000 47.806700 132.260000
261.176000 251.387000 147.227000 156.898000
229.540000 265.008000 116.501000 170.987000
317.319000 204.355000 202.253000 110.589000
281.466000 252.150000 168.058000 157.481000
301.649000 211.750000 187.245000 117.913000
287.475000 243.273000 173.257000 148.654000
178.421000 276.317000 65.803500 184.260000
309.808000 244.126000 194.897000 149.416000
141.049000 229.301000 24.870100 137.763000
265.918000 251.519000 152.108000 157.290000
285.705000 241.132000 171.305000 146.560000
324.130000 233.390000 208.809000 138.630000
323.709000 236.021000 208.455000 141.171000
338.834000 230.492000 222.633000 135.945000
272.817000 225.197000 158.517000 131.224000
314.935000 205.525000 200.006000 111.738000
247.218000 258.212000 133.693000 163.848000
266.831000 246.413000 153.282000 152.088000
287.828000 239.915000 173.682000 145.727000
255.818000 248.487000 142.609000 154.352000
201.040000 271.246000 88.271000 178.323000
282.114000 246.746000 167.793000 152.030000
260.227000 252.149000 147.307000 157.908000
189.455000 273.596000 76.813800 181.117000
251.181000 262.792000 136.513000 167.832000
270.740000 249.933000 157.212000 155.441000
288.151000 245.027000 173.799000 150.295000
315.026000 240.203000 199.891000 145.580000
330.078000 223.141000 213.940000 128.613000
146.305000 284.342000 33.551500 193.955000
272.043000 256.072000 158.112000 161.572000
232.493000 266.231000 119.464000 172.422000
252.175000 256.249000 138.803000 161.892000
294.540000 244.860000 180.057000 150.037000
325.208000 238.707000 209.578000 143.990000
239.589000 258.789000 126.295000 164.623000
319.629000 201.994000 204.512000 108.260000
183.595000 271.138000 70.797600 178.900000
283.692000 245.852000 169.307000 151.128000
282.613000 245.675000 168.252000 150.974000
210.989000 271.326000 99.689100 178.304000
318.545000 227.398000 202.658000 132.789000
167.219000 278.131000 54.648000 186.653000
269.550000 251.070000 155.624000 156.451000
302.394000 242.887000 187.648000 148.007000
206.944000 265.484000 94.361000 172.237000
313.110000 234.417000 197.973000 139.699000
295.758000 244.602000 181.306000 149.779000
364.657000 278.839000 245.761000 180.945000
276.727000 248.260000 162.677000 153.608000
338.827000 202.129000 223.475000 108.694000
179.367000 270.757000 66.795400 178.824000
312.930000 242.951000 197.631000 147.865000
313.125000 241.746000 197.613000 147.013000
268.109000 251.593000 154.061000 156.939000
210.358000 268.517000 98.585500 175.391000
295.816000 241.490000 181.062000 146.713000
252.493000 255.350000 139.081000 160.994000
311.362000 237.619000 196.368000 143.161000
297.263000 211.944000 182.603000 118.061000
289.642000 216.178000 173.264000 122.343000
288.038000 231.705000 173.966000 137.450000
205.967000 265.536000 93.578300 172.385000
289.878000 217.078000 175.254000 123.107000
306.675000 208.387000 191.835000 114.533000
303.623000 240.005000 188.836000 145.563000
242.231000 291.809000 129.832000 196.618000
311.874000 238.310000 196.694000 143.431000
237.188000 263.736000 124.180000 169.541000
242.761000 258.544000 129.359000 164.267000
161.705000 279.339000 49.126300 188.166000
322.529000 284.508000 206.549000 187.393000
184.283000 274.905000 71.649000 182.646000
226.714000 264.341000 113.738000 170.391000
297.275000 238.090000 182.466000 143.398000
297.426000 157.714000 182.873000 64.403300
254.787000 254.984000 141.556000 160.634000
315.712000 281.485000 200.371000 184.432000
180.447000 212.886000 66.095900 120.519000
225.011000 286.826000 112.939000 192.492000
263.231000 254.129000 149.808000 159.608000
209.699000 269.378000 97.561800 176.090000
243.423000 257.620000 130.091000 163.370000
343.022000 228.076000 226.786000 133.647000
157.137000 278.613000 44.430400 187.670000
266.314000 253.391000 152.504000 158.741000
297.113000 207.995000 181.939000 114.125000
315.155000 241.693000 199.976000 147.034000
368.758000 187.298000 252.646000 94.310700
261.868000 248.193000 148.549000 153.905000
155.112000 281.710000 42.483600 190.884000
298.790000 243.403000 183.903000 148.872000
303.835000 209.842000 188.908000 115.933000
272.081000 250.691000 158.247000 156.041000
245.630000 257.196000 132.378000 162.933000
232.310000 269.981000 120.484000 176.106000
185.124000 273.741000 72.255000 180.947000
179.838000 276.991000 67.240700 184.920000
268.398000 249.714000 154.531000 155.137000
292.287000 214.421000 177.379000 120.441000
230.770000 262.745000 117.435000 169.023000
248.138000 258.560000 134.677000 164.137000
287.898000 248.986000 173.647000 154.503000
283.989000 242.369000 169.664000 147.738000
261.029000 255.090000 147.687000 160.583000
297.876000 247.740000 183.333000 153.132000
244.834000 256.790000 131.692000 162.582000
187.734000 200.486000 72.640900 107.311000
235.148000 254.857000 122.021000 160.909000
349.294000 196.291000 233.394000 103.024000
315.207000 245.700000 200.082000 150.898000
178.426000 275.018000 65.717900 183.013000
294.709000 246.281000 180.387000 151.395000
317.211000 237.215000 201.461000 142.631000
274.951000 258.085000 161.781000 163.721000
263.431000 225.071000 149.997000 131.705000
303.871000 246.673000 189.159000 152.021000
297.192000 205.663000 182.170000 111.843000
280.267000 243.412000 166.025000 148.794000
300.745000 239.685000 186.376000 145.397000
290.035000 244.553000 175.649000 149.755000
311.821000 160.660000 197.690000 67.430500
273.927000 251.344000 159.849000 156.564000
205.947000 158.912000 91.606800 64.608100
318.828000 225.530000 203.510000 131.022000
255.319000 258.258000 142.306000 164.274000
297.068000 246.827000 182.429000 152.257000
303.514000 241.708000 188.586000 147.215000
297.843000 161.087000 196.923000 67.777000
234.738000 267.397000 121.982000 173.648000
238.485000 262.613000 125.628000 168.433000
240.957000 253.401000 127.780000 159.340000
167.896000 278.619000 55.304800 187.145000
255.924000 249.279000 142.433000 155.434000
195.882000 267.716000 83.057700 175.118000
276.077000 217.015000 161.052000 123.023000
278.596000 250.888000 164.989000 156.173000
272.237000 223.968000 158.212000 130.004000
309.138000 211.548000 195.047000 117.647000
324.764000 241.742000 209.083000 146.950000
189.545000 160.167000 74.197400 65.749300
290.766000 214.651000 176.117000 120.679000
220.322000 263.598000 107.659000 169.904000
129.376000 283.096000 15.976400 193.749000
336.538000 234.595000 220.618000 140.005000
305.270000 208.639000 190.441000 114.732000
341.374000 288.983000 224.177000 191.089000
300.264000 239.066000 185.114000 144.202000
268.230000 252.027000 153.621000 157.623000
264.027000 254.007000 150.351000 159.366000
327.119000 231.407000 210.837000 136.472000
332.326000 285.260000 215.736000 187.871000
278.027000 244.030000 163.838000 149.408000
361.917000 276.391000 243.042000 178.749000
318.866000 240.743000 206.108000 146.125000
272.810000 246.956000 159.034000 152.877000
332.410000 284.032000 217.429000 186.708000
265.690000 254.365000 151.864000 159.641000
334.450000 225.895000 218.369000 131.176000
260.896000 254.041000 147.327000 159.472000
315.183000 242.947000 200.009000 148.284000
246.463000 263.051000 134.464000 168.933000
211.201000 270.205000 99.354500 176.906000
204.917000 266.116000 92.567400 172.930000
362.885000 191.526000 247.286000 97.991300
298.725000 205.430000 184.552000 111.663000
254.705000 237.684000 140.661000 143.563000
292.849000 158.280000 178.842000 64.849500
327.290000 235.547000 211.867000 140.570000
342.315000 224.169000 226.189000 129.477000
308.549000 210.956000 194.371000 117.037000
289.677000 243.983000 175.245000 149.164000
196.839000 158.267000 81.741800 63.826200
142.944000 222.562000 26.593100 130.905000
242.536000 262.383000 128.998000 168.394000
288.900000 246.757000 174.617000 151.875000
302.354000 211.732000 188.079000 117.800000
318.129000 205.901000 203.191000 112.505000
309.315000 245.332000 194.651000 150.740000
169.512000 280.147000 57.109400 188.688000
246.153000 210.135000 131.531000 116.479000
315.201000 202.349000 200.189000 108.526000
277.003000 249.111000 163.088000 154.367000
306.029000 207.711000 191.215000 113.795000
325.360000 224.331000 209.633000 129.735000
189.168000 203.318000 74.261500 110.139000
151.391000 199.407000 34.794000 106.927000
272.754000 221.582000 158.379000 127.569000
319.337000 241.961000 203.880000 147.280000
289.289000 217.729000 174.767000 123.672000
316.354000 204.385000 202.253000 110.589000
242.170000 260.958000 129.134000 166.642000
290.600000 243.824000 176.214000 148.992000
241.798000 256.665000 129.032000 162.566000
279.628000 247.565000 165.724000 152.832000
339.091000 285.283000 222.543000 187.323000
293.077000 213.344000 178.321000 119.334000
272.100000 251.902000 158.517000 157.196000
289.430000 213.914000 174.734000 119.913000
238.011000 264.266000 124.814000 170.447000
296.339000 241.857000 181.803000 147.001000
270.601000 252.219000 156.877000 157.484000
266.433000 237.004000 151.993000 142.637000
273.690000 234.659000 159.003000 140.230000
162.230000 224.680000 47.385600 132.314000
268.549000 230.706000 156.062000 136.861000
218.430000 282.100000 106.552000 188.145000
319.668000 226.006000 204.647000 131.461000
307.277000 204.306000 192.268000 110.428000
287.749000 251.947000 173.179000 157.355000
318.161000 241.897000 202.560000 147.213000
289.131000 215.365000 174.476000 121.330000
327.119000 231.407000 211.576000 136.541000
334.232000 230.943000 217.974000 136.518000
297.990000 245.009000 183.172000 150.529000
270.341000 250.709000 156.432000 155.973000
319.904000 231.268000 204.299000 136.430000
260.763000 234.424000 146.864000 140.295000
279.988000 215.691000 165.377000 121.697000
317.069000 241.822000 201.838000 147.230000
315.116000 286.820000 200.483000 189.579000
306.501000 229.112000 191.034000 134.447000
290.390000 213.920000 175.895000 119.922000
254.162000 249.332000 140.882000 155.642000
278.029000 244.921000 163.910000 150.224000
270.598000 249.129000 156.891000 154.485000
299.961000 160.074000 185.846000 66.668300
316.342000 242.401000 200.848000 147.747000
326.079000 205.232000 209.473000 111.137000
357.956000 188.643000 241.781000 95.690100
312.400000 203.721000 197.469000 109.836000
318.479000 239.392000 202.682000 144.795000
252.889000 254.637000 139.608000 160.201000
272.739000 222.524000 158.403000 128.456000
258.788000 257.176000 144.482000 162.258000
270.518000 223.537000 156.290000 129.483000
158.749000 281.677000 46.052600 190.707000
303.115000 210.849000 187.875000 116.773000
262.489000 254.914000 149.168000 160.287000
307.131000 207.892000 192.403000 113.932000
225.586000 265.262000 112.111000 171.655000
286.283000 219.181000 171.037000 125.575000
298.054000 250.436000 183.593000 155.845000
179.982000 276.290000 67.492900 184.401000
258.874000 227.631000 144.816000 133.623000
288.707000 249.470000 174.129000 154.997000
247.407000 255.970000 134.214000 162.255000
272.826000 224.576000 158.918000 130.522000
303.984000 158.932000 189.864000 65.538000
272.509000 228.613000 158.964000 134.533000
232.253000 267.195000 119.800000 173.058000
252.717000 256.262000 139.737000 161.848000
147.615000 199.113000 31.142900 106.761000
272.953000 229.280000 159.486000 135.193000
296.641000 240.774000 182.098000 145.909000
278.808000 222.933000 165.067000 128.888000
310.221000 207.049000 195.664000 113.105000
167.104000 278.928000 54.545300 187.620000
271.351000 254.488000 157.862000 159.678000
295.175000 247.171000 180.499000 152.703000
319.519000 225.909000 203.778000 131.215000
174.364000 274.402000 61.451800 182.636000
239.955000 265.531000 126.619000 171.632000
271.971000 258.487000 158.428000 164.171000
319.371000 239.287000 204.277000 144.844000
309.945000 211.086000 196.063000 117.116000
327.920000 223.677000 212.169000 129.026000
260.157000 231.531000 146.232000 137.434000
281.007000 252.880000 167.005000 158.524000
297.552000 209.001000 182.716000 115.009000
302.857000 247.759000 188.050000 153.171000
270.425000 234.517000 156.149000 140.154000
307.570000 204.944000 192.727000 111.015000
285.252000 163.879000 171.324000 70.322700
256.674000 233.466000 142.617000 140.006000
285.202000 211.651000 170.591000 117.669000
307.662000 247.860000 192.915000 153.244000
149.281000 281.589000 36.262300 191.086000
330.029000 224.088000 214.409000 129.420000
285.867000 212.358000 171.275000 118.356000
297.641000 211.472000 182.994000 117.432000
265.583000 223.443000 151.378000 129.398000
293.887000 209.943000 179.256000 115.951000
295.917000 212.368000 181.164000 118.296000
233.885000 203.219000 119.877000 109.674000
274.423000 234.089000 160.100000 139.669000
271.168000 224.296000 157.181000 130.215000
312.578000 226.955000 197.421000 132.322000
288.993000 214.610000 174.430000 120.538000
304.687000 209.311000 190.041000 115.290000
311.352000 206.634000 196.800000 112.669000
307.299000 249.426000 192.502000 154.754000
253.880000 256.865000 140.630000 163.025000
301.556000 239.791000 187.247000 145.648000
294.591000 209.856000 179.843000 115.838000
337.034000 232.545000 220.825000 138.125000
299.475000 211.124000 185.045000 117.090000
254.223000 258.971000 141.020000 165.078000
292.542000 211.020000 177.913000 116.991000
255.864000 263.018000 142.401000 168.878000
138.909000 227.126000 24.400000 135.658000
270.246000 254.820000 156.786000 159.977000
276.923000 247.556000 162.881000 152.727000
252.731000 248.019000 138.961000 154.337000
302.180000 207.547000 187.473000 113.550000
343.280000 200.836000 227.222000 107.582000
326.716000 224.690000 211.099000 129.980000
308.153000 204.481000 193.396000 110.530000
221.831000 281.816000 109.950000 187.656000
315.791000 213.032000 202.480000 119.013000
217.424000 280.275000 105.451000 186.272000
320.698000 230.403000 205.291000 135.538000
329.264000 230.305000 213.699000 135.376000
300.833000 207.062000 186.202000 113.078000
135.780000 283.871000 22.391700 194.156000
280.673000 249.641000 166.986000 155.539000
239.883000 264.530000 126.347000 170.661000
293.977000 209.154000 179.342000 115.140000
307.600000 209.263000 192.985000 115.968000
265.049000 224.966000 150.886000 130.861000
326.396000 235.908000 211.087000 140.805000
323.698000 221.650000 207.920000 127.025000
291.750000 197.608000 176.443000 103.757000
298.438000 246.393000 183.544000 151.940000
278.180000 197.346000 162.787000 103.507000
331.290000 205.548000 215.947000 112.237000
301.559000 208.295000 186.898000 114.266000
300.422000 248.686000 186.800000 154.411000
251.065000 257.717000 137.536000 163.857000
269.062000 231.337000 155.295000 137.111000
218.693000 164.489000 103.973000 70.350100
306.942000 159.113000 191.612000 65.710900
277.307000 221.217000 163.437000 127.129000
283.805000 217.624000 169.450000 123.497000
305.072000 246.783000 190.023000 152.227000
128.622000 283.159000 14.999000 193.923000
272.552000 249.049000 157.982000 154.871000
276.537000 230.572000 163.019000 136.331000
321.677000 229.581000 206.396000 134.740000
288.951000 243.148000 174.806000 148.280000
240.733000 257.924000 127.835000 163.640000
320.818000 229.565000 205.589000 134.733000
213.815000 269.163000 102.743000 175.935000
296.385000 239.208000 182.166000 144.384000
275.059000 232.981000 160.801000 138.544000
356.796000 157.764000 155.239000 68.384800
271.871000 226.523000 158.093000 132.368000
351.855000 198.707000 235.583000 105.541000
197.999000 199.364000 83.151100 105.908000
255.492000 226.319000 141.533000 132.297000
130.036000 283.626000 16.524500 194.349000
270.986000 236.017000 156.696000 141.525000
271.463000 225.110000 157.268000 130.913000
249.344000 263.691000 137.686000 169.423000
342.325000 204.103000 226.590000 110.816000
354.495000 197.516000 238.053000 104.388000
271.506000 222.264000 157.278000 128.120000
297.078000 199.199000 181.712000 105.280000
180.356000 221.759000 65.700900 128.805000
275.461000 233.389000 161.449000 138.971000
248.841000 208.842000 136.417000 115.308000
276.278000 233.128000 162.277000 138.707000
271.612000 217.469000 157.293000 123.402000
199.105000 199.329000 84.472300 105.872000
134.698000 281.499000 21.219500 191.902000
305.879000 227.763000 190.880000 133.092000
298.479000 193.170000 182.585000 99.317900
285.435000 163.093000 171.343000 69.444800
283.835000 219.961000 168.351000 126.434000
287.729000 250.437000 173.054000 156.033000
293.103000 210.538000 178.571000 116.461000
280.421000 160.489000 167.207000 66.749400
281.583000 250.931000 167.975000 156.843000
278.185000 221.945000 164.679000 127.852000
362.117000 188.016000 245.540000 95.206900
291.900000 159.847000 178.061000 66.223600
294.981000 161.948000 181.162000 68.357400
315.827000 243.022000 200.685000 148.555000
251.015000 214.898000 136.771000 121.026000
284.550000 239.327000 170.914000 144.699000
271.405000 223.080000 157.334000 128.921000
292.294000 242.891000 178.029000 147.928000
286.365000 213.052000 171.932000 118.951000
337.402000 198.921000 225.527000 105.220000
264.325000 226.367000 150.205000 132.186000
271.165000 256.525000 157.639000 162.422000
367.784000 187.878000 251.185000 95.100400
277.289000 230.775000 163.019000 136.331000
292.776000 159.888000 178.946000 66.259300
307.011000 228.070000 192.089000 133.370000
294.329000 229.863000 179.301000 135.168000
304.019000 250.161000 190.285000 155.827000
309.980000 204.106000 195.478000 110.107000
301.710000 193.104000 186.813000 99.290300
319.244000 192.746000 203.960000 98.925300
308.937000 192.718000 194.172000 98.921800
294.287000 161.864000 180.429000 68.251500
333.111000 229.086000 217.580000 134.115000
274.538000 217.084000 160.292000 122.983000
286.546000 162.720000 172.743000 69.044200
306.455000 228.339000 191.409000 133.604000
288.576000 252.766000 173.916000 158.291000
271.510000 232.233000 157.369000 137.820000
352.146000 198.020000 235.732000 104.921000
322.758000 192.641000 208.137000 98.856200
271.792000 257.524000 157.796000 163.263000
274.036000 199.485000 158.539000 105.537000
272.965000 226.767000 158.985000 132.502000
288.068000 214.975000 173.778000 120.820000
335.411000 287.916000 218.568000 190.493000
203.403000 271.378000 91.580900 178.091000
342.272000 228.640000 225.224000 134.345000
324.579000 192.479000 209.773000 98.682400
277.999000 216.770000 163.655000 122.625000
255.252000 164.064000 143.727000 70.074900
352.059000 188.603000 238.704000 95.000100
254.192000 250.738000 141.109000 157.241000
321.497000 192.321000 206.843000 98.527300
308.921000 235.952000 193.729000 141.841000
273.391000 225.058000 159.585000 130.842000
299.048000 207.686000 184.625000 113.614000
312.400000 206.900000 194.495000 113.413000
231.526000 205.915000 116.912000 112.177000
294.374000 233.442000 179.462000 138.619000
259.317000 232.990000 145.704000 138.777000
256.888000 234.819000 143.479000 140.637000
319.240000 229.952000 204.188000 135.061000
168.545000 278.308000 55.858300 187.048000
307.367000 194.060000 191.929000 100.164000
218.214000 159.419000 103.267000 65.048200
247.423000 238.007000 133.511000 143.766000
252.552000 249.205000 138.700000 155.594000
273.329000 223.631000 159.243000 129.390000
218.029000 280.257000 106.339000 186.226000
343.306000 204.812000 227.278000 111.561000
355.363000 197.183000 238.752000 104.138000
264.174000 234.388000 149.919000 139.935000
283.350000 229.801000 168.929000 135.251000
281.140000 199.358000 165.753000 105.372000
274.339000 220.967000 160.408000 126.790000
353.969000 197.491000 237.343000 104.440000
256.576000 162.369000 144.147000 68.344400
299.965000 197.951000 184.712000 103.971000
265.896000 164.640000 151.976000 70.766900
299.190000 229.899000 184.401000 135.152000
247.218000 258.212000 134.540000 163.738000
263.811000 235.356000 149.714000 140.902000
239.109000 203.367000 124.639000 109.576000
179.351000 275.740000 66.626700 184.000000
270.593000 232.135000 156.532000 137.696000
298.711000 244.510000 183.710000 150.232000
298.084000 248.380000 183.729000 154.101000
263.430000 238.078000 149.354000 143.553000
231.898000 208.507000 117.186000 114.703000
216.024000 159.578000 100.522000 65.180900
294.120000 234.212000 179.717000 139.419000
313.452000 245.921000 197.808000 151.337000
254.788000 240.307000 141.743000 146.067000
275.509000 218.311000 161.343000 124.116000
235.039000 205.798000 120.572000 112.002000
289.276000 160.168000 176.100000 66.404600
139.098000 282.320000 25.742400 192.568000
236.666000 203.402000 122.236000 109.604000
256.898000 250.964000 143.253000 157.332000
337.795000 234.127000 221.734000 139.837000
276.736000 216.349000 162.699000 122.194000
260.458000 226.146000 146.467000 131.937000
263.871000 162.381000 150.883000 68.405700
273.159000 221.875000 159.095000 127.627000
267.530000 162.256000 153.376000 68.345500
259.638000 226.608000 145.767000 132.419000
215.693000 210.225000 101.222000 116.581000
236.002000 258.292000 123.138000 163.963000
275.124000 217.195000 161.052000 123.023000
276.816000 229.986000 162.348000 135.434000
273.723000 235.439000 159.692000 140.849000
330.294000 239.074000 214.418000 144.653000
236.699000 169.587000 122.737000 75.536100
307.694000 193.764000 192.701000 99.836700
299.424000 212.939000 185.108000 118.691000
250.132000 240.949000 136.008000 146.480000
277.844000 221.067000 164.392000 126.882000
286.934000 233.471000 172.880000 138.795000
135.223000 222.731000 18.617400 131.598000
282.305000 254.240000 168.530000 160.107000
271.980000 222.112000 158.000000 127.866000
282.810000 217.483000 168.778000 123.248000
320.267000 192.175000 205.121000 98.269200
135.758000 223.134000 19.434800 132.080000
277.295000 198.368000 162.261000 104.374000
285.666000 160.386000 172.714000 66.556300
303.449000 232.441000 189.189000 137.619000
258.131000 227.611000 143.111000 133.179000
269.266000 235.978000 155.368000 141.430000
230.535000 207.003000 115.887000 113.175000
371.700000 187.069000 254.684000 94.433100
278.424000 252.947000 164.399000 158.879000
242.052000 206.355000 127.734000 112.472000
275.764000 233.847000 162.151000 139.317000
285.785000 187.121000 171.265000 93.256100
295.044000 198.684000 180.296000 104.652000
258.951000 163.003000 146.715000 68.921000
230.668000 208.803000 116.284000 114.977000
306.039000 197.049000 191.252000 103.029000
386.145000 192.381000 268.185000 99.585100
219.461000 213.786000 105.235000 120.075000
222.094000 208.165000 109.318000 115.839000
224.909000 207.926000 110.421000 114.131000
259.546000 234.510000 146.015000 140.155000
288.516000 198.047000 174.081000 104.049000
265.527000 233.773000 151.521000 139.263000
240.819000 170.044000 126.603000 75.972900
263.915000 163.056000 149.823000 69.056000
309.724000 237.603000 195.352000 143.713000
263.420000 226.360000 150.205000 132.186000
142.164000 284.834000 28.766000 194.863000
255.908000 251.073000 142.384000 157.567000
260.006000 230.264000 146.511000 135.987000
144.194000 282.429000 31.946300 191.639000
247.031000 230.051000 133.357000 135.901000
266.413000 199.653000 152.097000 105.675000
287.886000 198.401000 173.505000 104.384000
263.420000 226.360000 149.492000 132.039000
273.088000 238.685000 159.697000 144.059000
327.588000 224.418000 212.487000 129.529000
255.326000 204.394000 141.017000 110.402000
309.211000 249.619000 194.239000 155.173000
258.577000 235.341000 144.940000 140.917000
249.325000 253.839000 135.366000 160.273000
262.529000 162.897000 148.978000 68.827900
262.467000 223.180000 148.549000 128.911000
289.000000 210.007000 174.849000 115.784000
353.562000 154.910000 148.620000 65.286600
297.910000 213.729000 183.658000 119.374000
286.354000 229.864000 172.330000 135.203000
134.714000 280.726000 20.835700 191.156000
247.110000 262.363000 135.034000 167.797000
311.542000 246.437000 195.802000 151.965000
253.322000 225.725000 139.720000 131.547000
271.531000 231.648000 157.728000 137.108000
288.071000 228.056000 173.918000 133.398000
281.633000 198.965000 166.993000 104.884000
264.596000 232.668000 151.386000 138.294000
280.240000 198.694000 165.657000 104.622000
361.970000 196.928000 245.274000 104.065000
232.784000 169.085000 118.471000 74.882400
251.052000 211.760000 136.854000 117.699000
289.273000 197.320000 174.896000 103.266000
390.153000 189.005000 272.678000 96.440500
298.965000 242.650000 183.828000 148.577000
318.144000 246.457000 202.358000 151.938000
275.531000 221.263000 161.896000 126.938000
310.570000 215.846000 197.747000 121.536000
247.172000 201.624000 132.481000 107.601000
343.271000 229.349000 228.256000 135.544000
267.681000 202.742000 153.047000 108.623000
246.743000 211.771000 132.498000 117.710000
267.089000 199.955000 152.718000 105.887000
284.059000 229.912000 170.441000 135.292000
253.931000 259.470000 140.346000 165.805000
259.582000 200.810000 144.733000 106.707000
263.990000 260.129000 150.013000 166.155000
255.840000 252.495000 142.287000 159.039000
268.883000 202.777000 154.373000 108.636000
246.518000 261.229000 135.473000 166.960000
349.094000 200.386000 232.302000 107.446000
271.613000 199.252000 157.207000 105.149000
308.411000 242.150000 194.150000 146.780000
316.609000 244.626000 200.529000 150.196000
240.943000 261.795000 128.826000 167.282000
283.323000 219.940000 169.735000 125.528000
283.405000 198.886000 169.004000 104.745000
242.231000 291.809000 129.690000 197.553000
319.664000 201.430000 205.645000 107.225000
272.602000 203.109000 158.445000 108.962000
303.800000 232.551000 190.136000 137.636000
264.197000 198.548000 149.938000 104.455000
280.769000 253.365000 166.738000 159.427000
305.898000 197.277000 192.160000 103.168000
305.867000 229.136000 191.992000 134.265000
296.311000 229.489000 182.051000 134.606000
334.458000 228.077000 218.391000 132.746000
279.002000 233.444000 166.019000 138.832000
257.850000 204.139000 143.549000 110.000000
259.570000 198.539000 145.279000 104.435000
251.042000 205.358000 137.008000 111.268000
270.459000 259.249000 156.908000 165.400000
290.385000 160.020000 176.863000 66.024200
258.536000 197.540000 144.087000 103.420000
256.992000 200.149000 142.881000 106.041000
276.525000 222.947000 163.107000 128.493000
263.737000 199.762000 149.657000 105.629000
278.392000 160.201000 160.649000 66.228900
122.892000 285.692000 8.593510 196.965000
334.861000 202.031000 220.120000 109.286000
258.632000 200.548000 144.557000 106.416000
151.652000 280.448000 38.111500 190.052000
230.702000 211.219000 116.946000 117.251000
182.509000 270.522000 68.133600 178.344000
253.347000 205.184000 139.488000 111.061000
286.354000 198.438000 172.918000 104.299000
248.323000 205.176000 134.123000 111.036000
305.183000 197.776000 191.329000 103.583000
304.654000 236.240000 190.328000 140.998000
246.153000 210.135000 132.123000 115.985000
272.986000 235.628000 159.690000 140.893000
317.954000 227.067000 203.823000 132.064000
272.470000 202.489000 158.344000 108.254000
340.635000 196.065000 229.022000 102.025000
372.992000 194.730000 255.644000 102.120000
248.162000 225.816000 135.064000 131.582000
247.075000 209.369000 133.009000 115.179000
287.717000 198.208000 174.361000 104.030000
267.949000 219.031000 154.554000 124.653000
247.575000 207.625000 133.460000 113.436000
245.527000 207.377000 130.863000 114.876000
242.066000 203.808000 127.957000 109.673000
379.903000 191.289000 261.969000 98.804200
247.363000 260.407000 135.698000 165.777000
136.055000 221.698000 19.459900 130.868000
293.482000 195.272000 179.136000 101.015000
291.403000 251.004000 175.559000 156.743000
252.125000 206.030000 138.294000 111.819000
260.021000 198.151000 145.856000 103.912000
180.568000 270.110000 67.852100 178.900000
283.214000 246.763000 171.898000 151.925000
207.636000 215.777000 94.386900 122.029000
259.310000 203.919000 145.722000 109.654000
131.371000 283.180000 17.819500 194.450000
304.654000 236.240000 189.551000 140.703000
246.134000 206.192000 132.912000 112.022000
307.271000 246.040000 192.011000 152.049000
275.390000 222.992000 162.470000 128.436000
382.808000 190.043000 264.675000 97.712400
244.486000 208.508000 129.686000 116.111000
175.577000 273.148000 69.252800 179.292000
