341.569000 182.021000 65.242700 183.448000
377.574000 255.242000 100.451000 253.734000
316.030000 241.158000 40.164400 243.835000
339.857000 177.314000 63.381500 178.505000
341.203000 165.502000 64.633500 166.817000
345.157000 151.753000 68.743600 153.336000
284.962000 176.572000 6.051010 177.775000
382.261000 214.724000 104.032000 214.196000
307.734000 226.357000 31.277700 229.250000
321.086000 205.234000 44.861300 206.820000
293.701000 171.856000 15.413900 172.949000
307.692000 233.702000 31.416200 236.345000
383.628000 146.760000 105.564000 149.241000
294.507000 172.822000 16.220500 174.072000
315.327000 176.377000 38.521500 177.448000
323.908000 238.376000 48.222400 240.739000
299.634000 185.360000 21.731700 187.665000
328.200000 243.111000 52.632700 245.112000
308.311000 163.009000 30.751900 164.130000
315.028000 244.583000 39.181700 247.430000
311.622000 162.265000 34.450000 163.050000
333.985000 169.653000 57.350700 170.562000
353.822000 221.191000 77.557100 221.636000
335.533000 256.665000 60.135900 257.860000
319.372000 246.254000 43.688200 248.976000
354.029000 177.219000 76.931600 178.040000
293.941000 209.891000 16.144100 213.094000
333.434000 176.757000 56.747400 177.177000
353.274000 182.233000 76.760400 183.615000
356.633000 251.318000 80.605800 251.012000
307.441000 154.338000 29.946700 154.811000
356.302000 165.273000 79.178300 166.569000
303.834000 241.363000 27.333900 245.300000
330.961000 153.879000 54.272200 155.017000
355.671000 216.775000 79.217700 217.073000
357.024000 175.787000 79.898500 176.794000
328.913000 158.428000 52.201200 159.474000
372.132000 208.916000 94.691800 209.024000
320.642000 214.978000 44.545500 217.437000
305.315000 143.785000 28.044000 143.690000
370.190000 232.132000 93.211400 231.585000
306.022000 235.797000 29.627500 239.095000
322.527000 157.587000 45.668000 158.632000
331.734000 150.969000 54.948500 152.020000
302.576000 173.623000 24.964400 174.849000
296.951000 176.663000 18.914400 178.163000
300.971000 165.506000 23.176500 166.312000
350.719000 198.146000 74.320600 199.106000
379.984000 209.028000 101.926000 208.894000
381.525000 212.332000 103.402000 211.983000
343.494000 197.455000 67.208900 198.417000
295.878000 181.764000 18.144000 182.954000
335.659000 163.929000 58.934600 164.932000
353.552000 162.597000 76.407400 163.781000
305.948000 183.653000 28.749500 185.128000
344.919000 166.585000 67.853000 167.370000
362.874000 214.134000 86.189300 214.621000
352.621000 157.397000 75.608100 158.762000
291.330000 174.270000 12.767200 175.555000
309.133000 203.387000 32.450700 205.441000
298.131000 239.998000 21.073700 244.898000
316.378000 240.459000 40.480900 243.220000
291.698000 244.360000 14.242400 249.372000
317.876000 180.113000 41.091600 182.026000
348.182000 164.261000 71.415300 165.603000
301.966000 246.851000 25.377700 251.476000
299.660000 183.267000 21.919400 185.140000
322.435000 204.568000 46.258200 205.791000
385.709000 182.465000 106.921000 183.407000
310.838000 203.180000 34.231700 205.221000
308.431000 246.852000 32.312600 250.583000
311.801000 160.507000 34.668400 161.188000
353.065000 159.807000 76.097400 161.163000
383.837000 196.158000 105.216000 196.404000
323.913000 204.579000 47.757800 205.619000
294.626000 181.828000 16.676100 183.196000
323.384000 230.134000 47.592100 231.961000
298.606000 200.450000 21.069900 203.128000
313.218000 215.926000 36.887800 217.811000
358.778000 213.202000 82.173800 213.496000
358.002000 182.632000 81.054100 183.584000
311.857000 168.561000 34.711200 169.606000
384.626000 183.641000 105.859000 184.389000
301.912000 247.902000 25.336500 252.214000
362.920000 197.358000 85.921800 197.938000
324.532000 172.727000 47.954300 173.838000
337.129000 203.410000 60.656800 203.200000
304.371000 241.915000 27.872500 245.778000
353.558000 160.864000 76.500000 162.144000
296.881000 175.514000 18.961600 176.792000
376.328000 171.497000 98.083400 172.798000
359.474000 182.730000 82.253900 183.538000
301.044000 164.053000 23.265400 164.852000
313.624000 236.368000 37.629200 239.221000
332.923000 217.010000 57.071000 218.540000
304.544000 168.132000 27.074900 168.957000
378.172000 203.586000 99.973400 203.345000
373.466000 206.252000 95.799700 206.180000
368.061000 198.037000 90.670500 198.503000
311.959000 169.368000 34.883200 170.524000
331.313000 165.403000 54.601200 166.369000
307.883000 212.021000 31.129600 214.689000
328.398000 223.762000 52.575900 225.051000
319.879000 237.787000 44.037400 240.146000
336.971000 204.723000 60.540000 204.616000
384.884000 189.730000 106.118000 190.159000
385.041000 187.974000 106.241000 188.601000
315.967000 210.221000 39.669800 212.559000
331.107000 158.408000 54.369100 159.523000
301.347000 186.426000 23.947000 188.122000
318.518000 161.054000 41.619800 161.992000
330.741000 153.187000 54.057000 154.263000
383.352000 135.390000 104.857000 138.066000
341.525000 169.575000 64.831100 170.512000
358.841000 215.150000 82.278200 215.399000
357.246000 251.690000 81.262900 251.331000
362.842000 214.954000 86.101000 215.356000
334.917000 178.954000 58.446600 180.204000
323.020000 231.522000 47.264400 233.572000
293.506000 178.908000 15.397200 180.333000
353.556000 159.929000 76.809900 161.434000
373.813000 205.528000 96.083800 205.600000
305.258000 167.068000 27.669100 168.060000
372.111000 232.756000 95.096400 232.422000
305.966000 155.434000 28.259100 155.955000
302.193000 202.047000 24.882700 204.997000
330.332000 181.027000 53.964400 182.204000
356.258000 210.441000 79.828600 211.020000
339.155000 150.811000 62.581500 152.080000
298.913000 230.789000 22.195200 233.203000
336.603000 255.476000 61.365400 257.498000
293.901000 172.590000 15.522400 173.771000
321.039000 161.227000 44.119600 162.163000
328.206000 161.515000 51.558700 162.537000
325.784000 169.116000 49.121400 170.594000
333.622000 170.525000 57.136400 171.666000
366.478000 185.581000 89.263100 186.525000
373.376000 201.153000 95.552100 201.109000
319.358000 240.210000 43.518500 242.782000
324.879000 256.401000 49.525200 259.014000
377.106000 177.456000 98.984900 178.660000
335.750000 170.410000 59.271600 171.574000
369.620000 209.707000 92.486900 209.915000
316.426000 216.519000 40.225500 217.722000
354.310000 150.133000 77.340100 151.653000
346.042000 155.837000 68.991600 156.893000
376.774000 179.828000 98.786700 181.022000
387.438000 185.371000 108.608000 186.118000
341.068000 192.766000 64.862400 194.369000
361.878000 215.295000 85.390000 215.843000
383.721000 176.315000 105.041000 177.394000
358.124000 152.389000 81.110400 153.992000
298.470000 201.393000 20.952700 203.790000
363.732000 197.426000 86.782000 198.061000
316.821000 241.186000 40.901500 243.993000
304.317000 202.602000 27.437300 204.652000
337.000000 184.980000 60.619600 186.346000
366.553000 202.568000 89.222700 202.854000
382.425000 212.232000 104.145000 211.915000
293.975000 170.217000 15.679100 171.348000
342.043000 159.753000 65.112100 160.855000
327.976000 159.521000 51.144000 160.451000
317.838000 216.918000 41.599200 219.114000
306.822000 162.296000 28.988700 163.466000
385.874000 121.586000 106.787000 124.935000
323.493000 158.708000 46.582900 159.649000
341.216000 163.180000 64.441700 164.381000
365.673000 203.612000 88.560000 204.127000
388.549000 209.910000 109.711000 209.328000
311.684000 158.551000 34.182400 159.536000
321.289000 156.836000 44.428600 157.936000
379.032000 201.481000 100.725000 201.241000
313.176000 157.791000 35.985200 158.672000
364.056000 204.095000 87.097100 204.431000
334.961000 160.412000 58.136400 161.422000
380.661000 213.024000 102.473000 212.653000
308.475000 229.013000 32.132200 231.157000
315.839000 179.054000 39.077400 179.797000
315.741000 237.749000 39.705300 240.800000
374.130000 206.195000 96.533900 206.199000
325.529000 201.946000 49.405400 202.971000
309.469000 172.979000 32.368400 174.227000
340.350000 185.525000 63.901700 186.263000
376.768000 176.785000 98.754200 177.894000
316.215000 207.281000 39.725800 209.818000
331.694000 154.717000 55.181200 156.384000
296.973000 177.576000 18.901800 179.005000
384.952000 188.896000 106.168000 189.304000
327.200000 155.191000 50.705500 157.004000
331.573000 244.849000 55.960000 246.514000
340.346000 156.500000 63.427100 157.646000
291.495000 159.040000 13.006800 159.445000
310.026000 246.297000 34.071100 249.640000
374.557000 175.153000 96.557200 176.442000
348.102000 163.432000 71.253400 164.797000
311.581000 178.815000 34.667500 179.621000
341.834000 201.684000 65.577600 202.869000
301.050000 246.362000 24.550400 250.551000
333.820000 165.310000 57.325200 166.472000
298.806000 211.396000 21.450500 214.175000
306.598000 248.625000 30.488000 252.427000
354.401000 233.030000 78.172800 233.299000
361.401000 194.969000 84.530000 195.635000
332.890000 158.016000 56.099200 159.145000
359.220000 149.615000 82.001000 151.195000
384.850000 133.355000 106.468000 136.081000
388.034000 128.937000 109.762000 131.853000
364.156000 198.835000 87.065300 199.535000
304.382000 181.759000 26.776300 183.645000
370.820000 175.314000 92.806100 176.390000
298.550000 251.523000 21.760300 256.056000
294.977000 161.448000 16.774800 162.066000
308.679000 237.670000 32.344200 240.782000
321.675000 234.805000 45.985400 236.868000
339.809000 159.343000 63.105300 160.369000
323.812000 236.233000 47.990700 238.866000
313.137000 213.227000 36.753700 214.573000
313.659000 157.267000 36.546800 157.616000
306.782000 173.735000 29.320600 175.026000
349.370000 205.007000 73.147600 205.816000
318.434000 221.441000 42.249900 223.710000
338.610000 179.444000 61.878500 180.175000
323.679000 160.103000 46.767600 161.212000
348.513000 160.633000 71.569100 161.706000
307.246000 172.741000 29.924400 174.231000
302.998000 242.402000 26.602800 246.187000
315.433000 238.815000 39.599800 241.822000
337.371000 205.777000 61.147700 206.842000
297.555000 176.030000 19.529400 177.313000
357.093000 187.853000 80.025100 188.248000
315.236000 171.341000 38.201200 172.496000
291.712000 165.021000 13.202900 165.849000
334.861000 168.876000 58.140200 169.941000
336.353000 162.569000 59.782300 163.617000
323.733000 152.519000 46.703500 153.315000
302.346000 175.306000 24.568800 177.174000
317.756000 227.573000 41.884300 229.514000
382.460000 209.037000 103.938000 208.676000
321.788000 151.195000 44.910100 152.044000
296.577000 167.201000 18.515700 168.199000
366.660000 201.629000 89.437000 201.790000
318.733000 239.389000 42.824700 241.439000
296.274000 183.288000 18.772100 184.506000
363.472000 207.407000 86.444200 207.815000
286.185000 248.834000 7.997880 255.027000
307.682000 247.032000 31.242800 251.824000
323.546000 160.883000 46.628800 161.890000
299.439000 173.782000 21.471300 175.025000
325.119000 171.342000 48.373000 172.382000
355.521000 187.960000 78.500800 188.737000
369.529000 236.478000 92.680500 235.659000
393.999000 128.704000 115.231000 131.857000
317.792000 242.159000 42.141400 244.178000
301.846000 174.040000 24.412200 175.184000
303.589000 174.654000 26.144600 176.062000
320.510000 213.416000 44.484600 216.160000
339.475000 178.807000 62.807900 179.797000
318.901000 246.798000 43.079200 249.588000
308.329000 227.858000 31.866000 230.350000
329.242000 150.456000 52.610100 151.515000
293.624000 208.582000 15.814100 211.357000
311.524000 163.138000 34.344500 163.679000
382.757000 134.058000 104.219000 136.678000
335.945000 163.003000 59.127100 164.074000
342.964000 175.781000 66.996600 177.767000
313.125000 161.014000 35.794200 161.927000
295.822000 241.053000 18.598000 245.507000
383.290000 170.995000 104.728000 172.306000
297.344000 182.762000 19.336200 184.444000
339.306000 160.555000 62.321600 161.117000
315.592000 236.996000 39.741600 240.186000
326.802000 161.639000 49.939100 162.602000
309.849000 237.398000 33.785400 240.538000
372.093000 230.992000 95.158600 231.047000
363.314000 204.868000 86.667200 205.535000
386.347000 137.584000 107.921000 140.230000
323.903000 159.475000 46.952900 160.233000
369.896000 208.495000 92.678600 208.531000
335.054000 158.601000 58.212800 159.724000
387.226000 190.837000 108.408000 191.208000
306.366000 172.595000 28.822100 173.860000
305.041000 183.254000 27.653700 184.758000
305.275000 145.903000 28.120100 145.950000
312.124000 161.638000 35.121100 162.381000
376.506000 166.214000 98.524000 167.689000
366.412000 206.611000 89.477400 207.421000
299.921000 186.155000 22.030400 188.232000
355.383000 220.836000 78.946800 221.345000
387.053000 207.573000 108.410000 207.143000
351.520000 197.945000 74.891500 198.831000
317.948000 212.683000 41.603100 214.630000
366.433000 211.060000 89.597700 211.325000
307.906000 230.342000 31.369500 233.417000
377.729000 202.733000 99.699700 202.559000
364.984000 202.896000 87.806700 203.407000
317.725000 209.629000 41.559900 212.184000
354.503000 220.612000 78.328500 220.998000
312.820000 160.297000 35.611400 160.836000
387.060000 195.719000 108.368000 195.910000
363.852000 209.188000 87.739500 210.603000
335.431000 206.003000 59.450100 206.973000
338.022000 251.425000 62.702500 252.591000
337.103000 170.483000 60.400100 171.654000
326.006000 161.505000 49.111400 162.432000
314.443000 213.590000 38.026700 215.253000
291.148000 164.252000 12.561100 165.084000
305.851000 245.896000 29.767100 249.254000
295.098000 160.653000 16.927000 161.265000
304.071000 169.827000 26.420400 170.796000
318.858000 240.775000 42.928900 243.323000
305.098000 246.902000 28.600400 250.949000
356.707000 162.770000 79.566000 163.937000
305.695000 188.130000 28.406900 189.790000
337.077000 162.889000 60.993500 164.721000
365.054000 225.162000 88.603700 225.350000
332.173000 157.644000 55.288200 158.701000
355.994000 179.593000 79.298500 180.678000
383.766000 177.075000 105.048000 178.361000
291.586000 157.182000 13.087900 157.562000
314.473000 164.552000 37.253700 165.534000
319.358000 239.382000 43.416700 241.869000
320.755000 225.711000 44.970800 227.237000
299.878000 227.715000 22.390900 232.689000
365.214000 199.768000 88.108800 200.566000
322.541000 234.956000 46.615500 237.123000
290.800000 247.686000 13.128600 253.120000
308.082000 241.581000 31.738200 244.730000
328.013000 158.193000 51.102000 159.205000
365.660000 210.589000 88.598200 211.018000
319.076000 238.169000 43.102400 240.650000
369.574000 205.637000 92.094800 205.921000
299.718000 163.568000 21.888600 164.451000
370.693000 173.130000 92.659600 174.350000
331.097000 204.236000 54.782500 205.176000
308.910000 236.690000 32.498500 239.874000
385.832000 125.875000 107.632000 128.700000
299.483000 171.342000 21.648900 172.173000
324.233000 239.135000 48.393200 241.337000
369.219000 162.588000 91.481600 163.944000
385.680000 124.794000 107.629000 127.935000
368.986000 237.616000 92.264900 236.846000
304.061000 179.411000 26.585900 180.630000
382.444000 202.968000 103.746000 202.836000
324.147000 230.774000 48.183100 232.790000
389.338000 123.074000 111.098000 126.062000
371.067000 170.538000 93.022000 171.481000
379.607000 194.831000 101.149000 195.201000
371.455000 173.242000 93.617600 174.654000
336.251000 161.871000 59.728200 162.908000
376.979000 178.104000 98.867900 179.414000
335.066000 161.879000 58.232000 163.027000
304.957000 240.060000 28.235700 244.390000
335.280000 191.423000 58.834900 192.626000
307.936000 231.361000 31.440300 234.080000
325.186000 228.332000 49.201200 230.272000
319.525000 153.379000 42.638800 154.301000
303.167000 250.455000 26.555400 254.886000
329.185000 176.265000 52.466500 177.165000
331.637000 170.507000 54.918900 171.703000
364.842000 231.026000 88.363100 230.788000
304.851000 241.154000 28.184900 245.237000
305.433000 153.852000 27.883100 154.423000
385.874000 121.586000 107.757000 124.805000
331.437000 161.626000 54.573200 162.685000
309.938000 168.636000 32.519600 169.723000
344.762000 177.045000 68.349300 178.833000
343.117000 164.243000 66.230100 165.500000
362.275000 197.654000 85.147200 198.374000
310.192000 231.757000 34.128700 234.606000
339.145000 180.637000 62.485500 181.724000
313.861000 164.884000 36.551600 165.976000
314.432000 179.669000 37.443800 180.909000
392.883000 134.265000 114.171000 137.173000
318.333000 181.203000 41.459800 182.882000
328.269000 244.796000 52.559800 246.991000
326.323000 252.065000 51.060400 254.617000
304.599000 249.396000 27.981900 254.130000
382.381000 213.519000 104.039000 213.226000
323.299000 230.650000 47.302400 233.066000
314.265000 181.179000 37.304100 182.381000
322.520000 225.264000 46.424400 227.281000
357.577000 211.155000 80.811900 211.648000
326.523000 229.893000 50.564500 231.828000
354.488000 216.730000 77.744000 216.780000
365.775000 223.530000 88.769000 223.503000
355.800000 210.624000 79.106100 211.188000
309.236000 173.911000 32.301500 175.063000
337.073000 169.482000 60.379000 170.829000
349.328000 150.355000 72.184900 151.895000
354.022000 209.889000 77.370300 210.487000
345.335000 172.550000 68.338000 173.540000
306.335000 171.570000 28.754700 172.688000
291.413000 218.345000 13.402300 221.878000
388.357000 180.163000 109.418000 180.999000
346.808000 164.494000 69.959500 165.947000
349.993000 197.690000 73.819100 198.696000
313.959000 201.200000 37.187200 203.409000
353.153000 188.470000 76.178400 188.544000
380.358000 163.047000 102.121000 164.619000
308.167000 227.110000 31.972900 229.842000
352.316000 206.096000 75.921000 207.365000
331.307000 181.269000 54.685500 182.459000
301.266000 162.901000 23.610800 163.761000
301.774000 162.193000 24.189100 162.983000
299.397000 162.122000 21.517100 163.001000
296.349000 165.095000 18.561100 165.803000
339.306000 160.555000 62.837400 161.688000
311.246000 168.608000 33.851400 169.746000
389.441000 147.724000 110.604000 150.060000
307.384000 230.291000 31.379700 232.052000
297.962000 221.411000 20.979800 224.756000
384.197000 185.491000 105.539000 185.984000
317.781000 224.796000 41.956300 226.818000
335.293000 204.729000 59.235500 205.040000
341.690000 164.446000 64.836400 165.749000
298.717000 201.883000 20.875100 204.819000
306.173000 156.729000 28.676800 157.508000
300.291000 182.697000 22.444700 184.299000
303.291000 191.073000 25.777200 193.016000
307.545000 158.285000 30.211200 159.090000
361.412000 214.906000 84.515200 215.265000
299.814000 173.615000 22.102800 174.342000
309.032000 232.018000 32.535100 234.827000
314.539000 171.732000 37.371900 172.895000
365.525000 206.438000 88.738800 207.596000
347.126000 162.453000 70.085800 163.784000
300.102000 187.695000 22.212500 189.732000
306.831000 237.003000 30.722400 240.159000
325.135000 244.878000 49.768700 246.938000
314.594000 208.330000 38.000000 210.172000
291.164000 171.114000 12.757600 172.351000
334.079000 178.813000 57.555800 180.493000
330.986000 179.408000 54.333100 180.652000
362.618000 194.443000 85.344000 195.183000
318.419000 231.802000 42.272700 234.226000
326.728000 172.860000 49.932900 174.003000
337.049000 159.354000 60.184700 160.636000
356.858000 210.596000 80.583000 211.145000
376.709000 203.086000 98.797100 202.824000
305.362000 176.248000 28.202700 177.658000
295.090000 174.266000 16.994800 175.795000
367.197000 180.806000 90.034400 181.783000
339.745000 204.722000 63.400100 205.873000
324.841000 238.069000 48.938100 240.298000
307.924000 188.481000 30.736700 189.964000
333.442000 175.953000 56.747400 177.177000
374.781000 169.442000 96.967100 170.705000
304.911000 151.387000 27.204100 151.973000
314.720000 229.055000 38.404900 231.542000
359.032000 150.425000 81.955500 151.898000
326.827000 235.082000 50.889600 236.771000
315.294000 235.430000 39.076500 238.214000
335.375000 168.117000 58.577600 169.335000
361.909000 175.956000 84.371200 176.452000
327.314000 229.339000 51.774900 231.145000
303.982000 240.642000 27.588900 245.188000
366.413000 183.608000 89.098000 184.942000
366.237000 205.367000 88.959500 205.011000
385.396000 163.774000 106.753000 165.342000
358.573000 207.544000 81.639200 208.033000
299.662000 215.688000 22.330800 218.479000
345.129000 176.164000 68.154000 177.127000
363.524000 223.491000 87.268100 223.865000
309.744000 226.886000 33.193600 229.445000
295.566000 233.852000 18.079900 238.039000
298.960000 223.178000 21.614400 226.566000
365.002000 198.589000 88.368200 199.416000
306.721000 190.045000 29.587700 191.249000
304.331000 183.501000 26.735200 185.144000
307.033000 172.300000 29.379600 173.614000
327.324000 167.334000 50.448800 168.466000
317.941000 173.060000 40.900300 174.309000
317.969000 211.001000 41.938100 213.560000
294.062000 180.518000 15.768700 181.867000
354.856000 233.665000 78.969900 233.883000
351.535000 183.019000 74.690600 184.272000
332.053000 167.946000 55.245300 169.177000
306.171000 220.530000 29.290200 223.323000
330.939000 177.429000 54.215400 178.579000
301.257000 187.157000 23.503000 188.966000
385.935000 171.816000 107.233000 173.012000
332.675000 178.327000 56.019600 179.690000
312.341000 171.278000 35.027900 172.431000
339.786000 188.742000 63.058700 189.514000
390.366000 188.340000 111.361000 188.754000
304.358000 224.884000 27.450200 227.815000
297.434000 164.504000 19.522800 165.449000
307.682000 247.032000 31.205600 251.098000
338.130000 163.943000 61.958500 165.407000
316.141000 172.482000 39.017100 173.662000
338.757000 178.088000 61.961300 179.113000
357.893000 213.529000 81.082200 213.983000
326.419000 162.275000 49.431100 163.249000
348.818000 163.295000 71.799100 164.750000
323.877000 233.275000 47.853400 235.417000
337.080000 188.940000 60.523600 190.193000
358.179000 255.598000 82.473100 255.271000
307.730000 236.132000 31.650700 239.520000
303.029000 190.011000 25.617600 191.435000
328.426000 168.374000 51.558500 169.516000
305.550000 189.421000 28.248600 190.857000
294.581000 152.212000 16.500600 152.437000
300.861000 246.808000 24.434400 251.479000
385.215000 186.681000 106.344000 187.604000
328.881000 168.822000 52.474300 169.570000
320.451000 241.280000 44.455600 243.839000
340.421000 190.959000 63.971500 192.510000
329.332000 177.798000 52.595900 179.003000
389.219000 120.713000 111.061000 124.154000
336.205000 166.946000 59.339800 168.141000
372.119000 165.337000 94.114600 166.466000
308.467000 177.112000 31.025700 178.432000
298.952000 203.088000 21.322200 205.452000
299.878000 227.715000 22.506200 231.773000
386.747000 202.456000 107.843000 201.847000
326.268000 234.263000 50.289200 236.265000
383.405000 196.831000 104.401000 196.960000
295.862000 238.667000 18.407100 243.199000
327.907000 164.365000 50.956400 165.391000
304.743000 200.150000 27.466300 202.219000
383.480000 196.057000 104.470000 196.232000
325.862000 229.095000 49.797600 230.937000
369.795000 207.841000 92.589700 207.672000
383.925000 195.277000 105.277000 195.877000
335.763000 204.434000 59.701500 204.469000
285.759000 191.010000 6.745450 193.095000
380.686000 213.916000 102.249000 213.482000
306.562000 150.898000 29.179200 151.407000
326.934000 229.137000 50.879800 230.908000
330.693000 222.691000 55.099000 223.924000
347.750000 179.753000 70.826400 180.876000
301.159000 185.993000 23.357100 187.730000
300.459000 187.189000 22.585000 189.067000
300.223000 183.961000 22.504900 186.478000
329.102000 151.258000 52.583500 152.196000
358.113000 155.549000 81.152000 156.897000
320.455000 181.923000 43.567300 183.816000
372.976000 201.785000 95.527600 201.802000
309.264000 245.556000 33.479000 248.688000
327.659000 165.744000 50.762600 167.063000
303.628000 188.763000 26.148700 190.299000
376.464000 178.350000 98.154400 179.610000
314.583000 235.926000 38.852900 238.817000
328.120000 224.408000 52.003900 226.094000
337.912000 181.768000 61.134100 182.748000
291.081000 247.142000 13.485900 251.852000
296.409000 228.560000 19.020900 231.900000
294.448000 153.653000 16.408900 153.943000
356.926000 204.150000 80.667100 204.867000
331.030000 170.299000 54.187500 171.480000
322.108000 224.740000 45.896900 226.677000
378.104000 203.398000 99.640700 202.468000
305.776000 151.390000 28.233500 151.997000
356.327000 216.176000 79.549600 216.555000
337.044000 163.132000 60.106500 164.352000
303.206000 216.549000 26.020300 219.408000
308.591000 163.569000 31.429800 164.673000
307.753000 185.563000 30.379800 187.167000
361.756000 217.990000 85.330700 218.039000
333.494000 157.215000 56.676500 158.705000
381.215000 203.395000 101.730000 202.442000
305.968000 246.536000 30.017500 250.105000
303.546000 161.926000 26.031100 162.911000
365.076000 205.508000 88.222500 205.615000
332.173000 179.662000 55.494900 181.072000
338.316000 189.150000 61.852900 190.825000
331.508000 250.208000 56.342600 251.786000
385.047000 162.790000 106.465000 164.344000
366.506000 223.948000 89.527200 224.228000
327.896000 173.695000 51.058600 174.881000
307.463000 242.474000 30.962800 245.655000
333.155000 209.500000 56.603500 209.309000
291.557000 245.057000 13.876300 249.909000
317.395000 235.576000 41.189500 238.192000
313.662000 181.666000 36.625900 182.615000
330.285000 170.332000 53.425200 171.517000
302.194000 170.295000 24.288700 171.200000
341.344000 159.542000 64.901800 160.616000
308.714000 176.440000 31.244100 177.721000
327.664000 242.835000 51.802100 245.064000
311.954000 176.714000 34.658100 178.006000
299.571000 184.439000 21.653900 186.015000
326.460000 230.840000 50.400000 232.785000
385.040000 161.510000 106.468000 163.109000
351.217000 181.395000 74.248600 182.604000
310.996000 158.979000 33.936500 159.921000
291.271000 177.320000 12.529800 178.602000
317.506000 208.380000 40.906400 210.390000
296.994000 228.081000 19.579100 231.516000
371.805000 211.805000 94.687600 212.749000
385.863000 136.993000 107.555000 139.462000
314.672000 238.575000 38.995400 241.717000
304.526000 152.302000 27.122700 152.797000
379.839000 242.366000 102.520000 240.814000
308.568000 178.031000 31.117100 179.342000
362.117000 195.101000 84.771200 195.830000
314.027000 151.675000 36.947300 152.532000
320.347000 227.787000 44.109500 230.165000
343.658000 168.898000 66.738100 170.244000
332.834000 179.802000 56.699600 180.882000
347.932000 162.958000 71.425200 164.098000
308.842000 206.650000 31.902100 208.553000
296.496000 186.925000 18.932000 188.910000
346.371000 177.749000 69.964800 179.820000
315.693000 211.151000 39.095800 212.882000
341.620000 163.566000 65.254800 164.664000
383.078000 172.534000 104.537000 173.556000
288.443000 216.480000 9.964330 220.107000
322.306000 203.831000 45.771000 204.971000
325.739000 166.981000 48.761400 168.156000
335.869000 256.698000 60.869200 258.461000
325.515000 168.270000 48.553300 169.504000
317.683000 220.692000 41.894600 222.880000
296.122000 181.746000 18.331600 183.690000
312.336000 235.217000 35.907800 238.128000
329.629000 223.628000 54.103800 225.053000
311.953000 178.173000 34.673500 179.454000
317.250000 201.874000 40.570700 203.248000
328.572000 232.763000 53.184800 234.532000
305.621000 152.323000 28.115000 152.985000
309.010000 170.689000 31.490300 171.662000
303.760000 254.585000 27.727300 259.280000
316.384000 178.347000 39.298200 179.590000
332.245000 217.108000 56.014600 218.597000
308.298000 158.850000 30.604400 159.340000
337.901000 182.793000 61.107100 183.811000
291.284000 246.226000 13.609300 251.013000
327.183000 164.851000 50.169100 165.863000
295.427000 150.610000 17.403600 150.859000
299.634000 185.360000 21.717200 186.955000
325.025000 169.801000 48.051100 170.887000
383.449000 169.044000 105.140000 170.354000
311.502000 203.503000 34.571700 205.499000
336.459000 168.952000 59.635600 170.351000
311.803000 185.660000 34.668100 186.944000
364.339000 159.978000 86.981300 161.210000
330.505000 184.297000 53.766600 185.371000
324.208000 167.802000 47.191600 168.959000
326.454000 171.383000 49.500000 172.316000
338.186000 188.693000 61.606200 190.149000
348.824000 165.665000 71.764800 166.160000
339.374000 252.132000 63.553000 253.096000
323.943000 170.980000 46.961200 172.140000
306.981000 232.586000 30.296800 235.339000
293.613000 209.548000 15.570900 212.405000
376.783000 203.550000 99.177900 203.462000
308.380000 247.669000 32.609700 251.172000
303.481000 173.715000 26.331000 174.961000
338.875000 177.354000 62.041800 178.542000
362.110000 193.697000 84.802400 194.600000
292.178000 247.161000 14.577600 251.927000
340.276000 194.480000 63.655800 195.627000
302.695000 189.000000 25.029800 190.710000
318.744000 211.373000 42.855700 213.857000
326.369000 171.999000 49.429000 173.106000
315.691000 207.989000 39.005200 209.764000
374.083000 169.392000 95.844700 171.030000
316.806000 176.472000 39.695900 177.609000
343.259000 198.187000 66.671300 199.363000
297.803000 152.195000 20.218100 152.461000
310.394000 204.425000 33.423400 206.378000
349.279000 175.792000 72.067000 176.823000
305.189000 187.525000 27.649200 189.166000
310.418000 226.156000 33.746000 228.856000
320.596000 176.443000 43.586700 177.713000
334.547000 218.713000 58.303300 220.055000
312.280000 179.967000 35.094800 180.968000
331.588000 216.886000 55.311600 218.291000
314.776000 237.979000 38.458300 240.767000
295.239000 240.590000 17.736700 245.015000
286.303000 223.990000 7.707370 228.087000
346.467000 174.935000 69.877300 175.511000
313.190000 177.500000 35.958500 178.610000
311.960000 180.470000 34.688900 181.781000
321.283000 214.018000 44.827500 215.968000
320.867000 231.497000 44.650000 233.740000
361.521000 212.990000 85.268300 213.447000
311.954000 179.171000 34.652900 180.472000
350.042000 177.025000 73.099300 178.452000
294.892000 182.996000 17.792600 183.879000
339.920000 183.121000 63.162900 184.380000
321.269000 225.221000 44.970800 227.237000
377.235000 248.620000 100.380000 247.213000
333.544000 228.541000 57.461100 230.210000
324.813000 176.398000 47.895800 177.596000
352.540000 198.287000 75.630200 199.160000
388.918000 117.337000 111.175000 120.799000
385.306000 129.795000 107.083000 132.332000
381.175000 162.954000 102.905000 164.374000
316.928000 211.297000 40.299800 213.215000
316.215000 207.281000 39.505000 209.135000
341.458000 168.411000 64.542500 169.820000
381.881000 242.717000 104.042000 241.789000
298.915000 171.310000 21.105000 172.935000
308.758000 172.583000 31.092100 173.871000
312.357000 188.458000 35.168600 190.163000
291.975000 241.801000 14.145300 246.655000
312.812000 228.238000 36.255600 230.864000
302.527000 190.474000 24.848800 192.225000
328.209000 198.770000 51.632500 200.104000
328.079000 223.499000 51.855100 225.158000
309.826000 163.800000 32.868800 164.868000
360.867000 216.579000 84.656100 216.877000
336.573000 184.201000 59.821300 185.423000
294.643000 151.137000 16.585000 151.436000
305.547000 166.245000 28.366500 167.390000
316.355000 177.281000 39.199300 178.471000
349.804000 165.586000 72.512000 166.928000
321.794000 219.622000 45.405800 221.605000
297.757000 156.552000 20.079500 157.081000
333.653000 178.828000 56.850200 180.123000
339.052000 206.526000 62.334700 206.709000
345.696000 162.809000 69.313600 163.903000
302.539000 256.728000 26.582000 261.217000
309.999000 202.739000 32.932200 204.736000
312.961000 188.468000 35.880400 189.700000
333.844000 207.357000 58.015300 207.619000
297.873000 154.494000 20.248900 154.919000
302.810000 217.555000 25.665200 219.842000
331.508000 250.208000 55.633900 251.531000
302.952000 202.809000 25.517600 204.874000
363.259000 225.030000 87.129300 225.211000
376.032000 239.324000 98.946300 237.848000
349.929000 201.778000 73.133700 202.681000
301.200000 245.136000 24.917900 249.669000
340.799000 204.715000 64.249100 205.789000
337.774000 187.066000 61.102300 188.501000
303.874000 217.264000 26.665800 219.978000
324.447000 221.219000 48.124200 223.142000
302.119000 202.956000 24.578600 205.205000
302.534000 191.271000 24.882600 192.954000
337.020000 185.899000 60.428600 187.653000
372.586000 241.104000 95.814900 239.808000
322.837000 229.512000 46.593200 231.354000
327.121000 199.774000 50.524500 201.168000
328.993000 179.706000 52.227400 181.494000
324.283000 220.529000 47.946600 222.602000
328.524000 175.955000 51.614600 177.154000
327.684000 235.977000 51.589700 237.547000
330.642000 151.594000 54.479100 152.873000
340.937000 180.317000 63.949400 181.278000
300.839000 216.270000 23.402100 219.092000
315.827000 214.961000 39.207700 216.623000
298.320000 157.286000 20.616000 157.934000
325.992000 155.344000 49.479800 155.700000
307.607000 241.689000 30.953700 245.093000
320.301000 230.727000 44.007900 232.870000
300.464000 209.456000 22.850400 212.156000
332.805000 170.422000 55.857700 171.675000
287.469000 215.165000 8.812430 218.654000
309.287000 165.361000 31.758200 165.857000
328.470000 254.210000 53.523200 257.015000
370.932000 173.739000 92.933400 175.292000
316.466000 207.945000 39.725800 209.818000
290.226000 247.605000 12.253500 252.980000
327.474000 242.444000 52.386000 245.835000
296.899000 156.281000 19.159000 156.825000
338.048000 185.989000 63.278900 190.687000
302.352000 218.652000 25.188800 220.904000
312.967000 168.408000 36.350000 169.465000
342.232000 210.106000 66.724100 211.636000
342.176000 197.975000 65.492700 199.078000
315.989000 235.322000 40.452000 238.018000
381.583000 136.461000 103.568000 138.673000
339.734000 185.517000 62.940800 186.770000
348.756000 174.477000 72.013200 176.315000
338.288000 190.172000 61.599600 191.526000
310.031000 162.822000 33.030700 164.037000
317.249000 188.556000 40.262900 189.805000
297.076000 155.156000 19.396800 155.636000
334.084000 177.406000 57.911400 178.022000
362.247000 206.429000 85.705100 206.552000
330.230000 237.798000 54.175700 239.547000
335.490000 207.211000 58.752700 207.178000
353.138000 186.656000 76.128400 187.953000
379.622000 143.784000 101.737000 145.772000
321.064000 155.374000 44.464800 156.957000
303.787000 148.189000 26.294600 148.683000
317.513000 213.365000 41.742600 215.214000
326.212000 240.449000 50.175900 243.098000
365.703000 204.478000 88.706500 204.190000
321.746000 151.638000 45.170800 152.732000
298.320000 148.103000 21.597400 148.071000
313.234000 176.426000 35.866000 177.660000
293.596000 151.253000 15.506000 151.577000
347.341000 227.084000 70.929100 227.831000
323.655000 233.888000 48.306800 234.690000
304.999000 188.267000 27.356600 189.955000
316.938000 212.213000 40.249800 214.147000
308.053000 190.181000 30.708300 191.585000
302.217000 162.316000 24.847300 163.271000
307.075000 220.165000 30.044100 222.857000
286.086000 203.363000 6.992280 206.337000
296.710000 181.210000 18.628200 182.210000
362.243000 192.840000 85.090600 194.185000
328.453000 222.607000 52.135700 224.129000
304.550000 123.518000 27.589900 123.184000
310.684000 246.481000 35.119400 249.838000
314.118000 209.161000 38.160200 211.334000
305.682000 224.739000 28.654700 227.527000
350.418000 202.161000 73.631900 203.241000
302.461000 192.703000 24.771000 194.422000
290.720000 218.389000 12.374000 221.936000
297.557000 151.076000 19.901200 151.445000
329.381000 229.712000 53.182000 231.452000
360.903000 253.843000 85.144500 253.038000
335.776000 179.177000 58.900300 180.473000
320.949000 206.059000 44.272300 207.744000
349.162000 197.921000 72.355000 199.081000
287.761000 243.052000 9.461350 248.250000
327.767000 252.134000 52.804900 254.539000
302.045000 205.982000 24.410300 208.565000
315.743000 202.831000 38.863200 204.511000
291.151000 215.155000 12.696600 218.723000
338.956000 181.694000 62.171100 183.219000
334.222000 186.879000 57.417400 188.111000
334.016000 163.178000 57.516900 163.465000
321.791000 243.628000 46.596100 247.016000
329.359000 235.062000 53.211800 236.737000
367.438000 200.229000 89.909400 201.092000
381.150000 215.565000 102.559000 215.200000
310.374000 203.412000 33.266900 205.321000
367.064000 223.405000 90.027900 224.026000
306.220000 188.886000 28.659600 190.486000
327.658000 199.117000 50.989100 200.538000
354.162000 210.729000 77.477500 211.910000
292.933000 208.205000 14.678400 210.980000
337.463000 219.535000 61.076400 220.687000
317.098000 210.446000 40.357100 212.325000
316.620000 179.258000 39.448600 180.220000
322.069000 205.239000 45.389000 206.691000
304.088000 146.460000 26.723800 145.889000
381.881000 242.717000 104.688000 241.203000
382.249000 212.383000 103.402000 211.983000
296.490000 206.706000 18.485900 209.330000
297.403000 153.757000 19.861200 154.187000
338.235000 251.433000 63.179400 252.035000
341.066000 182.761000 64.198400 184.122000
362.794000 222.940000 86.621600 222.888000
301.665000 208.682000 24.003400 211.453000
296.892000 157.415000 19.138400 158.104000
384.721000 139.850000 106.629000 142.038000
303.676000 242.587000 27.770700 245.983000
300.153000 226.666000 22.687600 230.125000
351.719000 201.980000 74.748800 202.821000
339.171000 252.325000 64.217000 253.445000
317.339000 203.500000 40.490600 205.117000
337.809000 201.280000 61.820400 201.012000
384.454000 138.707000 106.412000 140.897000
383.829000 191.071000 105.028000 190.715000
315.617000 229.133000 39.065800 231.486000
339.274000 256.789000 63.398400 258.093000
308.293000 159.639000 31.099900 160.895000
336.155000 167.649000 59.161300 169.129000
316.129000 244.572000 40.825100 247.304000
319.099000 156.022000 42.548800 157.153000
288.715000 147.742000 10.141700 147.875000
355.550000 182.069000 78.218500 183.312000
299.237000 146.419000 21.649000 146.753000
338.428000 251.923000 63.497700 253.119000
299.381000 148.132000 21.841500 148.508000
302.161000 205.006000 24.637000 206.980000
336.590000 188.183000 59.744000 189.410000
314.104000 187.306000 36.877200 188.680000
301.222000 257.537000 25.519700 261.086000
308.590000 162.454000 31.778700 163.376000
349.908000 202.519000 73.364600 204.315000
343.274000 181.467000 66.288600 182.774000
316.421000 203.817000 39.510300 205.545000
304.902000 177.798000 27.091900 178.871000
349.699000 198.516000 72.713500 199.456000
322.222000 169.235000 44.974800 170.447000
325.774000 230.155000 50.511200 231.709000
57.926200 141.956000 96.083400 139.924000
305.037000 202.643000 27.576000 204.662000
296.314000 163.394000 18.589700 164.393000
302.595000 203.868000 25.049100 205.838000
336.583000 182.941000 59.713000 184.368000
356.926000 204.150000 79.692800 204.770000
301.652000 206.582000 23.926800 209.191000
336.273000 171.185000 59.312200 172.741000
376.223000 180.202000 97.826200 181.632000
306.867000 230.823000 30.066800 232.772000
368.288000 184.291000 91.693900 185.326000
315.953000 209.605000 39.123700 211.113000
336.251000 161.871000 59.132800 163.313000
343.781000 175.058000 66.072100 175.345000
323.636000 206.753000 46.935500 208.412000
314.326000 207.587000 38.482200 209.458000
309.530000 173.183000 31.718500 174.525000
347.940000 172.275000 70.703800 173.670000
334.794000 190.434000 57.929500 191.594000
384.092000 134.065000 105.913000 136.280000
316.099000 212.560000 39.324400 213.840000
307.218000 157.522000 30.278300 158.337000
339.368000 191.356000 62.406200 192.277000
365.714000 198.710000 88.270200 199.816000
323.950000 257.026000 49.118200 261.078000
321.223000 228.968000 44.772500 230.657000
306.800000 166.069000 29.967400 167.130000
338.810000 180.370000 61.765400 181.549000
284.210000 209.277000 4.897700 212.606000
303.776000 210.730000 26.375700 212.819000
337.481000 187.337000 60.752000 189.205000
368.969000 257.261000 91.849000 256.274000
333.541000 177.540000 56.649800 179.325000
300.675000 206.261000 22.971400 208.426000
376.121000 182.437000 97.704900 183.805000
296.651000 164.604000 19.313200 165.418000
334.948000 180.599000 58.015400 182.116000
335.600000 168.781000 58.531100 170.275000
307.092000 189.426000 29.468000 191.007000
333.742000 191.366000 56.803300 192.317000
381.978000 200.122000 102.813000 200.262000
299.312000 147.141000 21.767000 147.582000
301.167000 206.664000 23.236300 209.601000
314.874000 203.611000 37.817300 205.453000
305.760000 189.979000 28.038900 191.642000
347.461000 156.628000 70.913000 158.958000
389.904000 175.675000 111.008000 176.370000
366.386000 204.113000 89.624400 203.920000
343.492000 167.833000 66.285900 169.331000
342.917000 209.722000 67.460900 210.733000
367.496000 258.336000 90.476500 257.509000
353.525000 209.950000 76.948100 211.770000
358.580000 218.914000 82.694400 219.046000
357.759000 204.425000 80.303000 204.881000
331.509000 150.527000 55.461500 151.493000
354.354000 209.000000 77.439100 210.145000
326.356000 164.757000 49.008200 165.699000
314.781000 240.816000 39.508500 243.530000
308.409000 220.968000 31.251400 223.705000
340.989000 168.079000 65.190800 169.379000
330.882000 183.518000 53.862500 184.850000
344.819000 168.439000 67.770500 170.233000
374.252000 238.488000 97.553800 237.093000
296.221000 157.757000 18.376800 158.675000
327.372000 224.589000 50.864400 226.051000
330.928000 194.285000 54.129000 196.240000
297.979000 146.744000 20.583300 147.128000
298.450000 147.283000 21.108300 147.690000
306.651000 253.163000 29.760600 257.694000
305.606000 191.144000 27.830900 192.844000
371.494000 210.819000 94.517400 210.240000
304.146000 205.395000 26.496200 207.621000
367.212000 198.755000 89.637500 199.967000
291.849000 157.258000 13.788600 158.033000
323.840000 145.730000 47.546300 146.624000
337.470000 193.454000 60.518700 194.704000
373.064000 239.800000 96.467700 238.313000
159.465000 168.992000 265.623000 107.402000
340.235000 184.541000 64.323700 184.975000
305.907000 250.962000 30.375400 255.204000
337.433000 188.550000 61.783600 189.447000
371.876000 230.789000 94.791400 231.815000
335.628000 163.079000 58.253700 164.377000
308.800000 209.588000 31.491200 211.490000
351.695000 179.231000 74.195600 180.512000
354.654000 211.181000 78.137500 213.375000
323.930000 226.950000 47.335100 228.478000
309.490000 230.969000 32.462500 233.842000
334.266000 164.045000 58.329900 164.912000
367.763000 200.494000 90.327500 201.954000
297.020000 147.823000 19.806900 148.218000
322.334000 245.551000 47.458300 249.229000
310.457000 155.241000 33.571600 156.541000
